<TICKER>;<PER>;<DATE>;<TIME>;<OPEN>;<HIGH>;<LOW>;<CLOSE>;<VOL>;<OPENINT>
СПБ Биржа;D;20211119;000000;1005.1;1104.3;875.6;936.4;1061849;0
СПБ Биржа;D;20211122;000000;938;969.8;910;969.4;412446;0
СПБ Биржа;D;20211123;000000;960;962.5;945.3;958;98786;0
СПБ Биржа;D;20211124;000000;959.8;1008.7;938;1007.8;224679;0
СПБ Биржа;D;20211125;000000;990;1050.1;980;1040.5;107351;0
СПБ Биржа;D;20211126;000000;1035;1070;991.4;1036;435589;0
СПБ Биржа;D;20211129;000000;1036;1036;997.8;1026.7;301776;0
СПБ Биржа;D;20211130;000000;1019.9;1029.4;979.9;997;186565;0
СПБ Биржа;D;20211201;000000;999.9;1015;975;1008.3;129165;0
СПБ Биржа;D;20211202;000000;1009.9;1009.9;976.6;983.5;167633;0
СПБ Биржа;D;20211203;000000;983.2;993;952;975;172654;0
СПБ Биржа;D;20211206;000000;974.8;974.8;940.4;973.1;70557;0
СПБ Биржа;D;20211207;000000;975;1004.5;960.7;1000;96032;0
СПБ Биржа;D;20211208;000000;1000;1024.8;975;1024.8;178986;0
СПБ Биржа;D;20211209;000000;1028.9;1034.9;1001.6;1011.9;109782;0
СПБ Биржа;D;20211210;000000;1009.7;1024.2;1006.6;1021.9;158219;0
СПБ Биржа;D;20211213;000000;1011.5;1050;994.3;1032;84640;0
СПБ Биржа;D;20211214;000000;1020;1047.6;1006.5;1025;112349;0
СПБ Биржа;D;20211215;000000;1017.1;1036.2;1017.1;1026.1;71504;0
СПБ Биржа;D;20211216;000000;1027.1;1027.1;1008.2;1018.9;122412;0
СПБ Биржа;D;20211217;000000;1022.2;1028.2;1013.1;1018.3;115507;0
СПБ Биржа;D;20211220;000000;1013.1;1019.8;990.1;998.1;73028;0
СПБ Биржа;D;20211221;000000;1003.9;1005.5;985;995.8;68220;0
СПБ Биржа;D;20211222;000000;988.5;995.2;980;987.3;43251;0
СПБ Биржа;D;20211223;000000;993.1;996.4;947.8;982.9;271379;0
СПБ Биржа;D;20211224;000000;990;990;950.9;964;165072;0
СПБ Биржа;D;20211227;000000;967.9;972.2;955;967;56743;0
СПБ Биржа;D;20211228;000000;968.9;974.9;958.8;973;84678;0
СПБ Биржа;D;20211229;000000;970.4;997.8;965.4;977;47418;0
СПБ Биржа;D;20211230;000000;978.8;989.9;972.8;984;9302;0
СПБ Биржа;D;20220103;000000;989.6;998.2;982.3;993.8;14504;0
СПБ Биржа;D;20220104;000000;989.6;1005;985.3;1001;13727;0
СПБ Биржа;D;20220105;000000;987.5;1010;987.5;1005.2;8532;0
СПБ Биржа;D;20220106;000000;1000.2;1006.8;988.5;994.3;49709;0
СПБ Биржа;D;20220110;000000;988.5;988.5;971.3;974.9;21132;0
СПБ Биржа;D;20220111;000000;973.7;974;955;963;60036;0
СПБ Биржа;D;20220112;000000;966.9;966.9;940;945.4;59286;0
СПБ Биржа;D;20220113;000000;944.8;945.8;934.6;935.2;52420;0
СПБ Биржа;D;20220114;000000;930;939.4;884.9;909.4;74860;0
СПБ Биржа;D;20220117;000000;910.5;913.9;851;886;110976;0
СПБ Биржа;D;20220118;000000;866.6;885.2;830;859.7;297598;0
СПБ Биржа;D;20220119;000000;860;860;828.2;829.7;131998;0
СПБ Биржа;D;20220120;000000;844.8;844.8;790;814.4;161983;0
СПБ Биржа;D;20220121;000000;815;817;806.7;811.4;26503;0
СПБ Биржа;D;20220124;000000;811;818.1;734;745.1;101598;0
СПБ Биржа;D;20220125;000000;766.5;766.5;726.9;746;44588;0
СПБ Биржа;D;20220126;000000;760.1;762.1;744.1;753.5;22741;0
СПБ Биржа;D;20220127;000000;753.2;758;737;746.9;77440;0
СПБ Биржа;D;20220128;000000;746.3;770;733.8;739.8;45138;0
СПБ Биржа;D;20220131;000000;750.2;797;732.1;791;304291;0
СПБ Биржа;D;20220201;000000;793.1;797;760.8;778;162116;0
СПБ Биржа;D;20220202;000000;799.9;799.9;766;771;26438;0
СПБ Биржа;D;20220203;000000;775;775;746.3;755;20113;0
СПБ Биржа;D;20220204;000000;754;754.2;735;737.3;155360;0
СПБ Биржа;D;20220207;000000;740;740;729;733.2;21762;0
СПБ Биржа;D;20220208;000000;733;733;683.2;705.8;188369;0
СПБ Биржа;D;20220209;000000;710.4;735.3;695;705;335898;0
СПБ Биржа;D;20220210;000000;704.1;705.2;692.8;697.5;35562;0
СПБ Биржа;D;20220211;000000;696.5;711;675;692;67474;0
СПБ Биржа;D;20220214;000000;687.3;698;658.1;680.9;26544;0
СПБ Биржа;D;20220215;000000;680.3;692;670.8;680;106548;0
СПБ Биржа;D;20220216;000000;686;705;680.1;688.2;170149;0
СПБ Биржа;D;20220217;000000;661;694.9;661;680;31203;0
СПБ Биржа;D;20220218;000000;680;698.8;645;679;199133;0
СПБ Биржа;D;20220221;000000;666;680.1;577.9;604;88986;0
СПБ Биржа;D;20220222;000000;568;678.2;498;643.5;185278;0
СПБ Биржа;D;20220224;000000;600;645.9;334.2;470;44191;0
СПБ Биржа;D;20220225;000000;525.3;571.3;402;453;82039;0
СПБ Биржа;D;20220328;000000;410.2;424.6;290;309;135430;0
СПБ Биржа;D;20220329;000000;308.9;326.6;294;301.2;82351;0
СПБ Биржа;D;20220330;000000;330.1;370;313.3;353;122481;0
СПБ Биржа;D;20220331;000000;370;444.9;360;418.9;123215;0
СПБ Биржа;D;20220401;000000;450;450;395.7;410;84731;0
СПБ Биржа;D;20220404;000000;445;445;381;395;71918;0
СПБ Биржа;D;20220405;000000;401;425.8;362.5;383.9;71509;0
СПБ Биржа;D;20220406;000000;380;382.4;350;359.7;73272;0
СПБ Биржа;D;20220407;000000;350;366.9;338;338;66491;0
СПБ Биржа;D;20220408;000000;344;349.6;310.1;322;112155;0
СПБ Биржа;D;20220411;000000;326.5;335.2;316.2;316.9;30724;0
СПБ Биржа;D;20220412;000000;325.4;325.4;303;310.9;25803;0
СПБ Биржа;D;20220413;000000;324.1;324.1;298.5;305.5;59134;0
СПБ Биржа;D;20220414;000000;336;382;317.1;373.7;639205;0
СПБ Биржа;D;20220415;000000;378.2;399;353;357.1;358959;0
СПБ Биржа;D;20220418;000000;375;375;320.5;324.9;113871;0
СПБ Биржа;D;20220419;000000;327;327;302.1;311;126089;0
СПБ Биржа;D;20220420;000000;309;313;297.2;305;129079;0
СПБ Биржа;D;20220421;000000;309.2;309.2;295;297;61257;0
СПБ Биржа;D;20220422;000000;292;295;280;287.6;71009;0
СПБ Биржа;D;20220425;000000;275.2;287.4;268.3;275;61446;0
СПБ Биржа;D;20220426;000000;274.1;286;270.3;275;84412;0
СПБ Биржа;D;20220427;000000;276;290;270.6;284.4;109608;0
СПБ Биржа;D;20220428;000000;299;328.8;284;285;338891;0
СПБ Биржа;D;20220429;000000;285;293.9;276;283.6;113218;0
СПБ Биржа;D;20220504;000000;291;291;269.5;271.6;81880;0
СПБ Биржа;D;20220505;000000;279;279;255;264.7;99132;0
СПБ Биржа;D;20220506;000000;266;268;250.6;254.9;141765;0
СПБ Биржа;D;20220511;000000;255.5;257.4;247.7;252;79122;0
СПБ Биржа;D;20220512;000000;252.3;252.3;235.5;242;71598;0
СПБ Биржа;D;20220513;000000;242.9;242.9;229.8;238.5;43573;0
СПБ Биржа;D;20220516;000000;238.5;243.3;230;239.1;41515;0
СПБ Биржа;D;20220517;000000;241.2;246.7;240;241;99841;0
СПБ Биржа;D;20220518;000000;244.5;258.5;241.7;254.6;195349;0
СПБ Биржа;D;20220519;000000;251.3;252.1;239.7;245.9;107170;0
СПБ Биржа;D;20220520;000000;246.8;248;232;234.9;104995;0
СПБ Биржа;D;20220523;000000;237.9;238;218.9;219.5;105540;0
СПБ Биржа;D;20220524;000000;219.5;223;206.8;215.1;69412;0
СПБ Биржа;D;20220525;000000;219.2;219.9;199.1;210.1;147580;0
СПБ Биржа;D;20220526;000000;210;236;205.2;233.5;96170;0
СПБ Биржа;D;20220527;000000;234;242;228.4;237.8;82214;0
СПБ Биржа;D;20220530;000000;239.7;239.9;215;219;90078;0
СПБ Биржа;D;20220531;000000;217;221.5;206;215.1;84602;0
СПБ Биржа;D;20220601;000000;216.9;229.5;212.1;224;51077;0
СПБ Биржа;D;20220602;000000;224.6;234;216;217.2;83745;0
СПБ Биржа;D;20220603;000000;218.2;221.1;197.1;207;116146;0
СПБ Биржа;D;20220606;000000;208;208;195.2;204;92988;0
СПБ Биржа;D;20220607;000000;204;207;199;203;46717;0
СПБ Биржа;D;20220608;000000;203;207.7;199.1;201.2;40539;0
СПБ Биржа;D;20220609;000000;203.9;203.9;197;200.5;33558;0
СПБ Биржа;D;20220610;000000;200;201.9;190.1;194;55204;0
СПБ Биржа;D;20220614;000000;186;196;186;190.8;62908;0
СПБ Биржа;D;20220615;000000;190.8;196.5;187;190.7;239960;0
СПБ Биржа;D;20220616;000000;209.8;257;203.1;207.6;794845;0
СПБ Биржа;D;20220617;000000;212.9;212.9;198.2;207;305898;0
СПБ Биржа;D;20220620;000000;209.5;209.5;198.8;200.8;240976;0
СПБ Биржа;D;20220621;000000;202;202;189.8;190;386356;0
СПБ Биржа;D;20220622;000000;190.8;192.6;176.2;178;551507;0
СПБ Биржа;D;20220623;000000;177.7;178.4;168.8;171.1;495332;0
СПБ Биржа;D;20220624;000000;173;179.3;169.7;172.3;404433;0
СПБ Биржа;D;20220627;000000;173.5;174;168.2;172;219761;0
СПБ Биржа;D;20220628;000000;172.8;177;170.2;172.6;196399;0
СПБ Биржа;D;20220629;000000;175;180.3;171;175;197009;0
СПБ Биржа;D;20220630;000000;177.9;178.9;164.4;167;310182;0
СПБ Биржа;D;20220701;000000;167;172.7;165;166.3;112459;0
СПБ Биржа;D;20220704;000000;168;169.9;159.6;160.8;175285;0
СПБ Биржа;D;20220705;000000;160;163.4;154.2;158.5;174729;0
СПБ Биржа;D;20220706;000000;158.7;166.3;150.2;156.2;202249;0
СПБ Биржа;D;20220707;000000;156.8;157;138.7;140.9;754322;0
СПБ Биржа;D;20220708;000000;143;147.4;139;141.5;428145;0
СПБ Биржа;D;20220711;000000;142.4;157;139.8;146.6;885628;0
СПБ Биржа;D;20220712;000000;148;148.1;131.2;137.1;552372;0
СПБ Биржа;D;20220713;000000;137;137.1;121.6;123.5;501354;0
СПБ Биржа;D;20220714;000000;124.6;125;118;120.4;306419;0
СПБ Биржа;D;20220715;000000;122;122.3;115;116.2;301248;0
СПБ Биржа;D;20220718;000000;117.4;130.4;116.5;118.5;758456;0
СПБ Биржа;D;20220719;000000;116.7;120.3;114;116.7;339523;0
СПБ Биржа;D;20220720;000000;117;117.3;89.6;100;1847752;0
СПБ Биржа;D;20220721;000000;100;101.8;92.8;99.5;486464;0
СПБ Биржа;D;20220722;000000;99.4;101.5;95.9;98.5;333560;0
СПБ Биржа;D;20220725;000000;99.5;106.5;96.4;102;438295;0
СПБ Биржа;D;20220726;000000;104.1;108.6;103.2;104;455225;0
СПБ Биржа;D;20220727;000000;104.8;106.9;99.1;100;479437;0
СПБ Биржа;D;20220728;000000;100.7;102;98;98.5;427116;0
СПБ Биржа;D;20220729;000000;98.6;99.3;95.6;97;385737;0
СПБ Биржа;D;20220801;000000;96.9;98.8;90;92;996433;0
СПБ Биржа;D;20220802;000000;92;94;82;88;1197855;0
СПБ Биржа;D;20220803;000000;87.5;89.4;82.7;87.8;304030;0
СПБ Биржа;D;20220804;000000;88;90.6;87.2;89;245462;0
СПБ Биржа;D;20220805;000000;89.1;89.7;85.1;88.2;259313;0
СПБ Биржа;D;20220808;000000;90.7;103.5;89.3;103.3;1104309;0
СПБ Биржа;D;20220809;000000;103.4;141;103.4;135.5;7864270;0
СПБ Биржа;D;20220810;000000;140;190;138.7;190;16084955;0
СПБ Биржа;D;20220811;000000;195.1;248.6;165.8;176.8;32474216;0
СПБ Биржа;D;20220812;000000;180;192;164.5;172;7555987;0
СПБ Биржа;D;20220815;000000;177;212.8;170.3;211.5;13304081;0
СПБ Биржа;D;20220816;000000;218.7;239.3;202.2;219.6;20955031;0
СПБ Биржа;D;20220817;000000;223.6;228.6;197;214.6;7867679;0
СПБ Биржа;D;20220818;000000;216.5;216.5;201.2;202.4;2955526;0
СПБ Биржа;D;20220819;000000;200;200.9;184.2;189.1;3280397;0
СПБ Биржа;D;20220822;000000;192.3;220.8;191.2;220.8;7702462;0
СПБ Биржа;D;20220823;000000;223;230;208.1;208.4;5006721;0
СПБ Биржа;D;20220824;000000;216.3;216.3;197.5;202;3481789;0
СПБ Биржа;D;20220825;000000;202.5;211.9;198.7;205;2582255;0
СПБ Биржа;D;20220826;000000;206;207.5;198.2;200;1644407;0
СПБ Биржа;D;20220829;000000;199;199.1;189.4;191.9;1999594;0
СПБ Биржа;D;20220830;000000;190.6;190.6;168;169.2;3579541;0
СПБ Биржа;D;20220831;000000;168;187.9;156;182.5;4700407;0
СПБ Биржа;D;20220901;000000;184;184.6;170.5;177.4;2022517;0
СПБ Биржа;D;20220902;000000;176.2;181.6;172.6;178.2;977233;0
СПБ Биржа;D;20220905;000000;181;186.6;177.1;178.8;1413897;0
СПБ Биржа;D;20220906;000000;177.8;179.6;158.2;165.4;3774791;0
СПБ Биржа;D;20220907;000000;160.3;168.6;158.6;159.7;1698919;0
СПБ Биржа;D;20220908;000000;157.1;176;147;176;5815726;0
СПБ Биржа;D;20220909;000000;175.5;182.9;161.6;165.1;5122018;0
СПБ Биржа;D;20220912;000000;162;167.8;155;161.2;1916409;0
СПБ Биржа;D;20220913;000000;160.2;162.5;155.3;156;1245655;0
СПБ Биржа;D;20220914;000000;155;155.4;149;151.9;1356912;0
СПБ Биржа;D;20220915;000000;152;158.3;150;151.7;1361737;0
СПБ Биржа;D;20220916;000000;150.2;152.9;142.3;144.2;1754749;0
СПБ Биржа;D;20220919;000000;141.5;149.5;141.1;143.6;1385134;0
СПБ Биржа;D;20220920;000000;142;144;117.1;127.5;3501215;0
СПБ Биржа;D;20220921;000000;109.4;122.1;104.8;116;1850901;0
СПБ Биржа;D;20220922;000000;116.6;124.7;116.1;118.5;1832570;0
СПБ Биржа;D;20220923;000000;120.8;120.8;104.7;105.8;1373939;0
СПБ Биржа;D;20220926;000000;104.9;104.9;85;87.3;2387099;0
СПБ Биржа;D;20220927;000000;89.9;98.9;89.1;94.2;1507167;0
СПБ Биржа;D;20220928;000000;94.8;95.9;90.6;92.3;899602;0
СПБ Биржа;D;20220929;000000;92.4;128.5;87.6;116.9;7722516;0
СПБ Биржа;D;20220930;000000;119.9;122.8;96.3;108.1;4840854;0
СПБ Биржа;D;20221003;000000;106.4;115;105;109.9;1321296;0
СПБ Биржа;D;20221004;000000;110.6;111.4;105.9;109;906019;0
СПБ Биржа;D;20221005;000000;110.3;110.3;100.5;104.3;1249714;0
СПБ Биржа;D;20221006;000000;104.4;105.4;101.9;102.7;404180;0
СПБ Биржа;D;20221007;000000;103.5;103.5;96.1;98.2;778170;0
СПБ Биржа;D;20221010;000000;95.2;115.6;89.9;111.3;3550293;0
СПБ Биржа;D;20221011;000000;111.6;111.8;106.7;108.4;1069704;0
СПБ Биржа;D;20221012;000000;110.4;112.5;107.8;111;938815;0
СПБ Биржа;D;20221013;000000;115;122.5;112.2;114.6;2769353;0
СПБ Биржа;D;20221014;000000;114.9;115.6;110.4;113.5;811664;0
СПБ Биржа;D;20221017;000000;114.8;123.5;114.1;122.8;2065195;0
СПБ Биржа;D;20221018;000000;123.3;125.9;116.2;116.7;1662099;0
СПБ Биржа;D;20221019;000000;116.1;119.8;110.5;115.7;1898890;0
СПБ Биржа;D;20221020;000000;115.4;118.1;113.8;115.4;1160694;0
СПБ Биржа;D;20221021;000000;115;117.4;112.5;116.6;1006472;0
СПБ Биржа;D;20221024;000000;126.6;126.6;118.8;121.3;2468117;0
СПБ Биржа;D;20221025;000000;121.7;123.9;120;123.3;1180264;0
СПБ Биржа;D;20221026;000000;123.3;128.7;120.5;125.4;2116645;0
СПБ Биржа;D;20221027;000000;126.5;126.9;122.1;125.1;1129958;0
СПБ Биржа;D;20221028;000000;125.9;126;122.5;125;671911;0
СПБ Биржа;D;20221031;000000;124.2;125.8;123.3;124.1;503512;0
СПБ Биржа;D;20221101;000000;124.6;129;123.2;125.8;718925;0
СПБ Биржа;D;20221102;000000;126;126.4;122.5;123.4;432554;0
СПБ Биржа;D;20221103;000000;122.1;124.4;119.3;122.6;1120556;0
СПБ Биржа;D;20221107;000000;124.3;125.1;120;122.4;1059892;0
СПБ Биржа;D;20221108;000000;122.4;124.1;119.7;120.8;1022432;0
СПБ Биржа;D;20221109;000000;121.4;121.4;114.2;116.7;924225;0
СПБ Биржа;D;20221110;000000;116;121.9;114.3;121.2;1305780;0
СПБ Биржа;D;20221111;000000;121.8;121.8;118.5;119.9;517328;0
СПБ Биржа;D;20221114;000000;120.1;121.4;118.8;119.9;628510;0
СПБ Биржа;D;20221115;000000;120.4;120.4;111.2;114.9;1036892;0
СПБ Биржа;D;20221116;000000;115.1;118;115.1;116.5;939771;0
СПБ Биржа;D;20221117;000000;117;117.4;114.5;116.9;404904;0
СПБ Биржа;D;20221118;000000;117.4;117.4;116;116.5;193393;0
СПБ Биржа;D;20221121;000000;116.4;122.9;115.1;118.8;1151428;0
СПБ Биржа;D;20221122;000000;119.7;120.3;117.8;118.9;327370;0
СПБ Биржа;D;20221123;000000;118.1;119.4;117.3;118.5;302068;0
СПБ Биржа;D;20221124;000000;118.9;119.3;117.9;118.3;284260;0
СПБ Биржа;D;20221125;000000;118.6;118.6;116.3;117.6;307941;0
СПБ Биржа;D;20221128;000000;116.5;118.1;115.1;116.5;295893;0
СПБ Биржа;D;20221129;000000;116.7;117.6;115.8;116.7;214550;0
СПБ Биржа;D;20221130;000000;116.1;117.2;115.2;116.9;277782;0
СПБ Биржа;D;20221201;000000;116.9;119.5;115.9;117.9;683820;0
СПБ Биржа;D;20221202;000000;118.3;118.3;116.2;116.5;233187;0
СПБ Биржа;D;20221205;000000;115.7;119.3;115.7;118.7;614919;0
СПБ Биржа;D;20221206;000000;119.5;119.8;116.9;118.6;317486;0
СПБ Биржа;D;20221207;000000;117.4;118;115.9;116.9;307748;0
СПБ Биржа;D;20221208;000000;116.7;117.1;115.6;116.6;147666;0
СПБ Биржа;D;20221209;000000;116.7;116.8;115.3;116.1;127622;0
СПБ Биржа;D;20221212;000000;116.4;116.4;114.3;115.1;280120;0
СПБ Биржа;D;20221213;000000;114.3;115.7;113.1;114.3;300451;0
СПБ Биржа;D;20221214;000000;114.5;115.3;112.6;112.7;305052;0
СПБ Биржа;D;20221215;000000;113.2;113.2;109;112;930256;0
СПБ Биржа;D;20221216;000000;112;112;110.3;111.2;288770;0
СПБ Биржа;D;20221219;000000;111.2;111.2;107.7;108;474614;0
СПБ Биржа;D;20221220;000000;108;116.9;107.6;116.7;1018925;0
СПБ Биржа;D;20221221;000000;116;122;113;115.9;1576296;0
СПБ Биржа;D;20221222;000000;116.2;116.2;113.5;114.9;610420;0
СПБ Биржа;D;20221223;000000;115;116;110;113.3;495826;0
СПБ Биржа;D;20221226;000000;113;114.6;111.8;112.6;503784;0
СПБ Биржа;D;20221227;000000;113.3;113.9;111.1;112.2;559954;0
СПБ Биржа;D;20221228;000000;112;116.3;111.6;112.9;1524589;0
СПБ Биржа;D;20221229;000000;113.5;114.6;112.5;114.2;432208;0
СПБ Биржа;D;20221230;000000;114.4;116.4;113.3;115.4;697783;0
СПБ Биржа;D;20230104;000000;115.8;117.8;114.9;116.3;347779;0
СПБ Биржа;D;20230105;000000;116.1;117.1;116;116.4;243578;0
СПБ Биржа;D;20230106;000000;116.6;116.8;115.2;116.2;166589;0
СПБ Биржа;D;20230109;000000;116.9;116.9;115.1;116.4;624250;0
СПБ Биржа;D;20230110;000000;116.1;116.3;114.4;115.4;318311;0
СПБ Биржа;D;20230111;000000;115.6;126.1;115.1;123.5;2709500;0
СПБ Биржа;D;20230112;000000;124.5;124.9;119.7;121.8;866869;0
СПБ Биржа;D;20230113;000000;121.7;121.7;119.5;120.9;591084;0
СПБ Биржа;D;20230116;000000;123.5;168.7;121.4;168.5;21314936;0
СПБ Биржа;D;20230117;000000;170.1;183.1;151.6;161.6;15598572;0
СПБ Биржа;D;20230118;000000;160.8;165.5;151;154.4;4149556;0
СПБ Биржа;D;20230119;000000;155;155;145.6;147.6;3256595;0
СПБ Биржа;D;20230120;000000;147.6;163.3;147.4;161;10453910;0
СПБ Биржа;D;20230123;000000;163.8;168;159.2;160.5;3611697;0
СПБ Биржа;D;20230124;000000;158.9;160.4;154;154.6;2306942;0
СПБ Биржа;D;20230125;000000;154.5;157.8;149.2;153.9;2150018;0
СПБ Биржа;D;20230126;000000;154;155.6;150.2;152.1;1156582;0
СПБ Биржа;D;20230127;000000;154.4;154.4;150.8;153.5;863183;0
СПБ Биржа;D;20230130;000000;153.4;159.5;152.2;157.7;1757591;0
СПБ Биржа;D;20230131;000000;156.4;157.6;154.3;155.9;1063599;0
СПБ Биржа;D;20230201;000000;156;157.1;154;155.1;1238374;0
СПБ Биржа;D;20230202;000000;154.3;161.8;154.3;157.2;2468504;0
СПБ Биржа;D;20230203;000000;160;160.4;155.6;157.5;1200917;0
СПБ Биржа;D;20230206;000000;158.6;168.5;156.8;166.4;4027424;0
СПБ Биржа;D;20230207;000000;170.1;175;167;171.6;4054337;0
СПБ Биржа;D;20230208;000000;171.6;172.6;164.7;167.5;2180173;0
СПБ Биржа;D;20230209;000000;167.9;167.9;161.1;163.9;1417922;0
СПБ Биржа;D;20230210;000000;163;165;161.5;164.3;710893;0
СПБ Биржа;D;20230213;000000;163.5;166.6;162.1;162.7;840855;0
СПБ Биржа;D;20230214;000000;164.5;165.9;151.4;159;1592927;0
СПБ Биржа;D;20230215;000000;155.6;157.2;141;147.1;2705805;0
СПБ Биржа;D;20230216;000000;146;153.9;146;150;1386785;0
СПБ Биржа;D;20230217;000000;150;151.6;146.8;148.3;817704;0
СПБ Биржа;D;20230220;000000;148.5;148.6;142.2;143.9;1517039;0
СПБ Биржа;D;20230221;000000;143.8;157.2;143.5;152.5;2491351;0
СПБ Биржа;D;20230222;000000;152.9;152.9;149;150.5;684400;0
СПБ Биржа;D;20230224;000000;149.3;151.5;148.1;150.5;343909;0
СПБ Биржа;D;20230227;000000;145;149.3;144.4;148.5;1229993;0
СПБ Биржа;D;20230228;000000;148.1;149.1;146.9;147.1;796498;0
СПБ Биржа;D;20230301;000000;146.7;150.7;146.2;150.6;947981;0
СПБ Биржа;D;20230302;000000;151.1;151.3;146.3;147.8;854064;0
СПБ Биржа;D;20230303;000000;147.8;149.5;146.9;148.1;579943;0
СПБ Биржа;D;20230306;000000;146;151.8;144.1;150.2;1114034;0
СПБ Биржа;D;20230307;000000;150.6;158.6;147.1;156.7;2733325;0
СПБ Биржа;D;20230309;000000;158.1;164.3;152.4;153;3132786;0
СПБ Биржа;D;20230310;000000;151.6;153.5;149;150.4;1350148;0
СПБ Биржа;D;20230313;000000;151.8;152.1;146.4;148.1;1522029;0
СПБ Биржа;D;20230314;000000;148.8;151.4;145.2;149.4;1255475;0
СПБ Биржа;D;20230315;000000;149.7;151;144.2;147.4;1249448;0
СПБ Биржа;D;20230316;000000;146.8;147.5;142.6;144.6;910123;0
СПБ Биржа;D;20230317;000000;145.8;146.8;143.6;146.4;1069978;0
СПБ Биржа;D;20230320;000000;146.7;152.3;144.3;148.5;2043744;0
СПБ Биржа;D;20230321;000000;148.7;149;145;146.1;1151055;0
СПБ Биржа;D;20230322;000000;145.5;147;144;145.6;823788;0
СПБ Биржа;D;20230323;000000;145.1;150.8;144.2;148;1575432;0
СПБ Биржа;D;20230324;000000;149;150.8;147;149.5;1028190;0
СПБ Биржа;D;20230327;000000;150.8;154.2;150.3;153.1;1943550;0
СПБ Биржа;D;20230328;000000;152.8;153;149.1;151;1069085;0
СПБ Биржа;D;20230329;000000;151;152;149.1;151.2;756235;0
СПБ Биржа;D;20230330;000000;151.4;151.8;149.7;150.1;504517;0
СПБ Биржа;D;20230331;000000;150.5;150.9;147;148.9;941596;0
СПБ Биржа;D;20230403;000000;148.5;150.9;147.8;150.1;1031913;0
СПБ Биржа;D;20230404;000000;150.1;160.1;149.7;152.9;4929316;0
СПБ Биржа;D;20230405;000000;152.1;152.8;149.2;151;1317729;0
СПБ Биржа;D;20230406;000000;151.2;154.6;150.2;152.2;1191771;0
СПБ Биржа;D;20230407;000000;152.2;154.2;150.6;153.2;845904;0
СПБ Биржа;D;20230410;000000;153.5;158;152.7;155.4;1418480;0
СПБ Биржа;D;20230411;000000;155.9;156.2;151;152.1;1491306;0
СПБ Биржа;D;20230412;000000;152.2;154.8;151.4;153.6;876859;0
СПБ Биржа;D;20230413;000000;154.1;155.6;152.5;153.7;614352;0
СПБ Биржа;D;20230414;000000;153.8;154.7;152.1;154.6;436588;0
СПБ Биржа;D;20230417;000000;155.6;163;155.4;162.6;3577959;0
СПБ Биржа;D;20230418;000000;162.9;162.9;157;161.3;1623459;0
СПБ Биржа;D;20230419;000000;162;162.1;155.3;158.3;1650759;0
СПБ Биржа;D;20230420;000000;158.6;162.5;155.5;160.4;1560671;0
СПБ Биржа;D;20230421;000000;161.1;167.7;160.6;162.9;2600968;0
СПБ Биржа;D;20230424;000000;163.6;167.5;161.4;167.2;2450874;0
СПБ Биржа;D;20230425;000000;168;171.2;163;166.5;2968825;0
СПБ Биржа;D;20230426;000000;168.2;168.2;163.3;163.9;1363743;0
СПБ Биржа;D;20230427;000000;164;165.3;160.7;163.4;1262689;0
СПБ Биржа;D;20230428;000000;163.8;163.8;158.9;160.9;829564;0
СПБ Биржа;D;20230502;000000;159.5;162.4;148.6;153;1925320;0
СПБ Биржа;D;20230503;000000;152.3;154.9;146.2;146.3;1647766;0
СПБ Биржа;D;20230504;000000;146;150;145.7;149.9;600446;0
СПБ Биржа;D;20230505;000000;150;151.5;147.5;147.7;646802;0
СПБ Биржа;D;20230508;000000;148;148.6;146.2;146.2;230511;0
СПБ Биржа;D;20230510;000000;146.9;153;146.2;152.4;833095;0
СПБ Биржа;D;20230511;000000;153.1;155.3;148.2;150.6;1289869;0
СПБ Биржа;D;20230512;000000;151;151.9;148.7;151.2;561683;0
СПБ Биржа;D;20230515;000000;151.2;155.5;150.8;154.9;748502;0
СПБ Биржа;D;20230516;000000;157.6;161;154.1;155.3;1484938;0
СПБ Биржа;D;20230517;000000;155.3;155.3;152.2;155;612864;0
СПБ Биржа;D;20230518;000000;155.6;155.8;152.7;154;451025;0
СПБ Биржа;D;20230519;000000;154.4;155.8;152.6;154.7;601210;0
СПБ Биржа;D;20230522;000000;155.3;156.7;150.6;152;708887;0
СПБ Биржа;D;20230523;000000;152.6;154.2;147.2;152.8;740879;0
СПБ Биржа;D;20230524;000000;153.1;155.7;149.7;154;811744;0
СПБ Биржа;D;20230525;000000;154.5;154.5;151.5;152.8;444188;0
СПБ Биржа;D;20230526;000000;152.9;154.2;152.1;153.7;374090;0
СПБ Биржа;D;20230529;000000;154.3;159.5;153.2;158.5;1883516;0
СПБ Биржа;D;20230530;000000;157;157.8;152.2;153;1118636;0
СПБ Биржа;D;20230531;000000;153;155.2;151.7;153.2;591268;0
СПБ Биржа;D;20230601;000000;153.8;156.7;152.4;154.9;992186;0
СПБ Биржа;D;20230602;000000;154.9;156.7;154.1;155.4;722822;0
СПБ Биржа;D;20230605;000000;155.2;161.5;155.1;157.9;2845272;0
СПБ Биржа;D;20230606;000000;158.9;165;156;163.3;3575368;0
СПБ Биржа;D;20230607;000000;164.4;166.6;157.6;159.9;2334431;0
СПБ Биржа;D;20230608;000000;160;162.6;159.1;161.5;1215182;0
СПБ Биржа;D;20230609;000000;162.5;162.5;159;160.1;816174;0
СПБ Биржа;D;20230613;000000;160.2;163.7;160.2;163.6;1059813;0
СПБ Биржа;D;20230614;000000;164;164.3;160.1;161.4;1432290;0
СПБ Биржа;D;20230615;000000;161.4;161.7;158;160.9;1211457;0
СПБ Биржа;D;20230616;000000;161;161.2;159.1;159.9;552216;0
СПБ Биржа;D;20230619;000000;161.3;162.1;159.1;161.9;1184217;0
СПБ Биржа;D;20230620;000000;162;175.6;160.3;173.4;8747843;0
СПБ Биржа;D;20230621;000000;174;177.5;169;170;3338784;0
СПБ Биржа;D;20230622;000000;170.7;177;166.9;169.7;5527276;0
СПБ Биржа;D;20230623;000000;169.9;174;160.5;163.6;3263508;0
СПБ Биржа;D;20230626;000000;165.2;168.8;158.5;164;3025449;0
СПБ Биржа;D;20230627;000000;164.5;171.5;162.2;170.1;2177600;0
СПБ Биржа;D;20230628;000000;171.7;171.8;166.7;169;1805300;0
СПБ Биржа;D;20230629;000000;169.3;170.2;162.5;166.7;1152519;0
СПБ Биржа;D;20230630;000000;167;167;163.8;165.4;1000742;0
СПБ Биржа;D;20230703;000000;164.9;168.5;164.9;166.5;732643;0
СПБ Биржа;D;20230704;000000;166.6;169.8;165.5;166.3;1217813;0
СПБ Биржа;D;20230705;000000;167;178.5;166.3;176.4;4512912;0
СПБ Биржа;D;20230706;000000;176;181;171.7;173.7;3414856;0
СПБ Биржа;D;20230707;000000;176;176;171.8;174.5;1051492;0
СПБ Биржа;D;20230710;000000;175.9;189.9;174.5;189.1;5966773;0
СПБ Биржа;D;20230711;000000;190;192.2;182.7;188.5;3622932;0
СПБ Биржа;D;20230712;000000;189;196.5;185.5;192.1;5797013;0
СПБ Биржа;D;20230713;000000;192.9;195.8;186.5;189.6;3069451;0
СПБ Биржа;D;20230714;000000;190;190.5;185.2;189;1857289;0
СПБ Биржа;D;20230717;000000;188;188.9;180.2;186.3;1943334;0
СПБ Биржа;D;20230718;000000;187.5;194;186.3;191.2;3416547;0
СПБ Биржа;D;20230719;000000;192.4;192.4;188;189.8;1320511;0
СПБ Биржа;D;20230720;000000;189.8;189.9;181.4;182.5;2433262;0
СПБ Биржа;D;20230721;000000;183.5;183.8;178.8;183.1;1530570;0
СПБ Биржа;D;20230724;000000;185.5;186.3;182.1;186.3;1291028;0
СПБ Биржа;D;20230725;000000;186.7;190;186;189.1;1803160;0
СПБ Биржа;D;20230726;000000;189.1;189.4;184.3;185.7;1633369;0
СПБ Биржа;D;20230727;000000;186.5;191.9;185.7;189.1;2662518;0
СПБ Биржа;D;20230728;000000;189.5;189.8;186.1;187.4;1614311;0
СПБ Биржа;D;20230731;000000;188;193.8;186.4;188.2;5045943;0
СПБ Биржа;D;20230801;000000;188.2;188.5;182.6;186.2;2561179;0
СПБ Биржа;D;20230802;000000;186.1;186.4;183.8;184.7;1391447;0
СПБ Биржа;D;20230803;000000;184.8;185.9;182.2;183.8;1924727;0
СПБ Биржа;D;20230804;000000;184.2;189;174.5;178.2;5733257;0
СПБ Биржа;D;20230807;000000;179.5;181.9;175.3;177.6;2175081;0
СПБ Биржа;D;20230808;000000;177.8;178.4;172;176.1;1827461;0
СПБ Биржа;D;20230809;000000;176.7;177.8;175;176.8;1315368;0
СПБ Биржа;D;20230810;000000;177.5;181.4;175.2;180.7;1584665;0
СПБ Биржа;D;20230811;000000;181;181.9;178.5;180.1;1126854;0
СПБ Биржа;D;20230814;000000;180.7;184.6;175.1;175.9;3090692;0
СПБ Биржа;D;20230815;000000;175;179.8;168.3;175.3;1652171;0
СПБ Биржа;D;20230816;000000;176.3;176.4;166.3;170.6;2428272;0
СПБ Биржа;D;20230817;000000;170.8;173;167;172.2;994487;0
СПБ Биржа;D;20230818;000000;173;176.6;172.5;176.5;1276680;0
СПБ Биржа;D;20230821;000000;176.7;179.1;174.4;177;1059386;0
СПБ Биржа;D;20230822;000000;177.2;184.5;176;184.5;2587190;0
СПБ Биржа;D;20230823;000000;184.5;186.8;177.1;178;3299388;0
СПБ Биржа;D;20230824;000000;180.5;183.7;178.2;182.4;1524114;0
СПБ Биржа;D;20230825;000000;182.9;183.1;179.2;181.1;852499;0
СПБ Биржа;D;20230828;000000;181.9;184.6;181.4;184;1113589;0
СПБ Биржа;D;20230829;000000;184.1;184.2;181.6;183.3;911814;0
СПБ Биржа;D;20230830;000000;183.1;183.5;180.5;182.2;1171758;0
СПБ Биржа;D;20230831;000000;182.3;183.5;179.5;181.4;885869;0
СПБ Биржа;D;20230901;000000;181.4;182;179.7;181;429690;0
СПБ Биржа;D;20230904;000000;181.3;184.3;181;183.9;1357574;0
СПБ Биржа;D;20230905;000000;184;184.1;180.2;181.7;1338574;0
СПБ Биржа;D;20230906;000000;181.7;181.7;177.2;179;1154634;0
СПБ Биржа;D;20230907;000000;179;181.4;172.9;176.1;1926110;0
СПБ Биржа;D;20230908;000000;174;176.2;170.5;172.9;861942;0
СПБ Биржа;D;20230911;000000;173.8;174.1;169.1;172.7;824834;0
СПБ Биржа;D;20230912;000000;173.4;181;172.1;176.9;1764125;0
СПБ Биржа;D;20230913;000000;177;177.8;173.2;174.3;580254;0
СПБ Биржа;D;20230914;000000;175;175;165.8;169.3;1358782;0
СПБ Биржа;D;20230915;000000;169.9;174.5;167.1;172.9;905861;0
СПБ Биржа;D;20230918;000000;174.2;177.4;173;175.3;1215191;0
СПБ Биржа;D;20230919;000000;175.4;175.4;165.8;167.1;1118017;0
СПБ Биржа;D;20230920;000000;167.4;167.8;156.3;164;2118949;0
СПБ Биржа;D;20230921;000000;164.4;164.4;158.4;159.5;1041481;0
СПБ Биржа;D;20230922;000000;159.5;166;157;164.5;911817;0
СПБ Биржа;D;20230925;000000;165;165;162.1;163.9;421503;0
СПБ Биржа;D;20230926;000000;163.7;165;161.3;164;461652;0
СПБ Биржа;D;20230927;000000;164.8;167;163;166;973060;0
СПБ Биржа;D;20230928;000000;166.5;169;164;165.7;742421;0
СПБ Биржа;D;20230929;000000;166.2;166.5;163.7;164.2;566343;0
СПБ Биржа;D;20231002;000000;164.9;165.3;160.5;161.6;573679;0
СПБ Биржа;D;20231003;000000;161.7;163.3;159.2;161.2;474768;0
СПБ Биржа;D;20231004;000000;160.7;162.1;159.5;160.5;531637;0
СПБ Биржа;D;20231005;000000;161.9;162.5;157.6;158.6;615822;0
СПБ Биржа;D;20231006;000000;159.2;160.5;156.6;159.1;484335;0
СПБ Биржа;D;20231009;000000;160;163.9;157.1;161.3;810184;0
СПБ Биржа;D;20231010;000000;161.4;161.9;158.4;160.5;603472;0
СПБ Биржа;D;20231011;000000;160.6;162;157.6;157.8;618870;0
СПБ Биржа;D;20231012;000000;157.9;168.4;157.2;167.2;2664297;0
СПБ Биржа;D;20231013;000000;167.9;173;166.1;167.2;2430305;0
СПБ Биржа;D;20231016;000000;168.7;170.8;167.2;170.4;919056;0
СПБ Биржа;D;20231017;000000;169.9;170;166;168;953031;0
СПБ Биржа;D;20231018;000000;167.7;168.4;165.2;166.6;582490;0
СПБ Биржа;D;20231019;000000;165.4;166.3;160.5;163.9;808062;0
СПБ Биржа;D;20231020;000000;164.6;164.6;161.5;163.4;531266;0
СПБ Биржа;D;20231023;000000;164;164.8;162.2;163.1;405867;0
СПБ Биржа;D;20231024;000000;163.1;166;162;166;601926;0
СПБ Биржа;D;20231025;000000;166.1;168.2;164.1;166.3;684623;0
СПБ Биржа;D;20231026;000000;166.9;166.9;161.5;162.5;599991;0
СПБ Биржа;D;20231027;000000;162;164.2;158.1;160.9;877227;0
СПБ Биржа;D;20231030;000000;161;161.9;158.9;160.2;450009;0
СПБ Биржа;D;20231031;000000;160;161.1;158.1;159;515800;0
СПБ Биржа;D;20231101;000000;159;161;158.6;160.3;574085;0
СПБ Биржа;D;20231102;000000;161;161.1;122.4;123.8;28189568;0
СПБ Биржа;D;20231103;000000;117.5;127.3;117.5;122.4;11811884;0
СПБ Биржа;D;20231106;000000;122.5;123.5;114.1;116.1;7408032;0
СПБ Биржа;D;20231107;000000;116.1;118.8;99.8;103.7;13111363;0
СПБ Биржа;D;20231108;000000;103.9;108.8;101.9;106.5;8556275;0
СПБ Биржа;D;20231109;000000;106.6;108.2;103.5;104.5;3644731;0
СПБ Биржа;D;20231110;000000;104.5;105.4;99.1;103.2;5144927;0
СПБ Биржа;D;20231113;000000;104;104.8;96;96.4;3656037;0
СПБ Биржа;D;20231114;000000;96.1;96.1;86.9;88.2;5062857;0
СПБ Биржа;D;20231115;000000;88;108.1;87.6;108.1;13323994;0
СПБ Биржа;D;20231116;000000;110.6;114.7;102.6;103.4;8016251;0
СПБ Биржа;D;20231117;000000;102.1;107.8;101.1;102.8;3018927;0
СПБ Биржа;D;20231120;000000;103;104;98.3;101;1742709;0
СПБ Биржа;D;20231121;000000;101.1;107.5;100.8;104.2;2915496;0
СПБ Биржа;D;20231122;000000;103.5;107.5;102.9;103.5;1452997;0
СПБ Биржа;D;20231123;000000;103.5;104.6;98.2;99.1;2112330;0
СПБ Биржа;D;20231124;000000;99.1;100.4;95;98;1685563;0
СПБ Биржа;D;20231127;000000;95.1;96;63.8;89.9;21145472;0
СПБ Биржа;D;20231128;000000;91.8;92.9;86;88.9;4256650;0
СПБ Биржа;D;20231129;000000;88.5;89.3;86.1;86.6;2067484;0
СПБ Биржа;D;20231130;000000;88.3;94.3;86.6;89;5319042;0
СПБ Биржа;D;20231201;000000;89.9;92;87;87.9;1599761;0
СПБ Биржа;D;20231204;000000;89.1;89.1;79;79.8;3919098;0
СПБ Биржа;D;20231205;000000;79.8;82.5;75.5;78.7;3209310;0
СПБ Биржа;D;20231206;000000;80;85.2;78.8;82;4668081;0
СПБ Биржа;D;20231207;000000;84;84;77.8;80.6;1619317;0
СПБ Биржа;D;20231208;000000;81.3;82.6;79;80.2;948222;0
СПБ Биржа;D;20231211;000000;80.5;81.8;76.4;78.2;1360296;0
СПБ Биржа;D;20231212;000000;78.2;78.8;76.3;76.6;932483;0
СПБ Биржа;D;20231213;000000;76.4;77;74;77;1506629;0
СПБ Биржа;D;20231214;000000;78;79.7;73.4;74.2;1940637;0
СПБ Биржа;D;20231215;000000;73.7;76.7;73;74.9;1117786;0
СПБ Биржа;D;20231218;000000;74.9;76.8;74.1;76.6;1412112;0
СПБ Биржа;D;20231219;000000;78.5;84.4;78.4;82.9;4675643;0
СПБ Биржа;D;20231220;000000;83.8;83.8;81.2;81.6;1464321;0
СПБ Биржа;D;20231221;000000;81.5;81.9;78.2;79.4;1482327;0
СПБ Биржа;D;20231222;000000;79.7;81.9;78.9;79.5;1282043;0
СПБ Биржа;D;20231225;000000;81.2;84.6;79.7;80.6;3236183;0
СПБ Биржа;D;20231226;000000;81.4;82.6;79.2;80.9;1754608;0
СПБ Биржа;D;20231227;000000;81;81.3;78.7;79;1550178;0
СПБ Биржа;D;20231228;000000;79.3;79.3;76.8;76.9;1249657;0
СПБ Биржа;D;20231229;000000;76.7;78.8;76.3;77.1;1230810;0
СПБ Биржа;D;20240103;000000;77.4;81;77.1;79.7;782055;0
СПБ Биржа;D;20240104;000000;80;80.9;79.1;79.7;604484;0
СПБ Биржа;D;20240105;000000;79.5;80.2;79.1;80;622175;0
СПБ Биржа;D;20240108;000000;80.1;83.3;79.7;82;1832939;0
СПБ Биржа;D;20240109;000000;83;83;80.6;82;1098007;0
СПБ Биржа;D;20240110;000000;82.8;99.4;81.8;99.4;14952394;0
СПБ Биржа;D;20240111;000000;100.1;102.9;92.6;95.5;7780699;0
СПБ Биржа;D;20240112;000000;96;96;92.6;93.9;2190081;0
СПБ Биржа;D;20240115;000000;96;107.4;92.7;103.2;6332563;0
СПБ Биржа;D;20240116;000000;103.2;105.6;100.1;101.7;4341194;0
СПБ Биржа;D;20240117;000000;102.7;105.3;98.2;102.1;3258761;0
СПБ Биржа;D;20240118;000000;102.1;107.4;100.5;103.8;5561544;0
СПБ Биржа;D;20240119;000000;104.9;111.6;104.1;107.2;11968974;0
СПБ Биржа;D;20240122;000000;108;110;102;104.6;4192047;0
СПБ Биржа;D;20240123;000000;104.6;106;100.3;101.4;4195379;0
СПБ Биржа;D;20240124;000000;101.3;102.7;96.7;99.2;3671473;0
СПБ Биржа;D;20240125;000000;98.9;102.5;97.1;100.7;2815242;0
СПБ Биржа;D;20240126;000000;100.7;102.1;98.8;99.4;1491318;0
СПБ Биржа;D;20240129;000000;99;100.4;85.5;94.4;8482542;0
СПБ Биржа;D;20240130;000000;94.1;96;92.6;93.8;2935164;0
СПБ Биржа;D;20240131;000000;94.2;94.5;93.3;94.2;1395476;0
СПБ Биржа;D;20240201;000000;93.5;93.5;89.5;91.2;2643888;0
СПБ Биржа;D;20240202;000000;91;91;89;89.2;1399513;0
СПБ Биржа;D;20240205;000000;89.9;97.3;88.9;94.4;5068790;0
СПБ Биржа;D;20240206;000000;94.4;96.7;93.3;94.4;2091184;0
СПБ Биржа;D;20240207;000000;94.4;98;93;95.7;2805122;0
СПБ Биржа;D;20240208;000000;96.2;96.2;93.4;93.6;1109092;0
СПБ Биржа;D;20240209;000000;93.9;94.8;91.9;93;922427;0
СПБ Биржа;D;20240212;000000;93;93.4;91;92.1;887315;0
СПБ Биржа;D;20240213;000000;92.2;94.8;91.2;93.9;1308191;0
СПБ Биржа;D;20240214;000000;94.1;94.3;92.5;92.9;603510;0
СПБ Биржа;D;20240215;000000;93.2;94;92.1;93.4;791871;0
СПБ Биржа;D;20240216;000000;93.9;93.9;91;92.6;536939;0
СПБ Биржа;D;20240219;000000;92.6;92.8;90.2;91;897364;0
СПБ Биржа;D;20240220;000000;91;91.3;88.3;89.3;856545;0
СПБ Биржа;D;20240221;000000;89.2;89.6;84.4;87.5;1837675;0
СПБ Биржа;D;20240222;000000;87.5;89;85;86;1129068;0
СПБ Биржа;D;20240226;000000;85.3;85.9;81.3;84.2;1643649;0
СПБ Биржа;D;20240227;000000;84.4;93.1;82.8;89.7;3739069;0
СПБ Биржа;D;20240228;000000;90;91.7;87;87.4;1631991;0
СПБ Биржа;D;20240229;000000;87.4;89;86;87.9;913784;0
СПБ Биржа;D;20240301;000000;88.1;90.8;87.5;87.8;707759;0
СПБ Биржа;D;20240304;000000;87.8;89.8;87.6;89;643915;0
СПБ Биржа;D;20240305;000000;89.2;89.3;87.1;88;670856;0
СПБ Биржа;D;20240306;000000;87.9;89.1;87.6;88.8;584128;0
СПБ Биржа;D;20240307;000000;88.6;89.2;87.6;88.7;523947;0
СПБ Биржа;D;20240311;000000;88.8;92.9;87.9;90.1;2923881;0
СПБ Биржа;D;20240312;000000;91.1;93.6;89;90.5;1950217;0
СПБ Биржа;D;20240313;000000;90.5;91.2;89.1;89.6;783609;0
СПБ Биржа;D;20240314;000000;89.6;90;88.1;88.8;998878;0
СПБ Биржа;D;20240315;000000;89;89.9;88.3;89;612644;0
СПБ Биржа;D;20240318;000000;89.1;89.7;86.7;87.2;732473;0
СПБ Биржа;D;20240319;000000;87;88.2;86.4;87;735309;0
СПБ Биржа;D;20240320;000000;86.5;88.2;85.2;86.8;668168;0
СПБ Биржа;D;20240321;000000;86.8;92.4;86.7;89.8;2240576;0
СПБ Биржа;D;20240322;000000;89.1;90.1;86.8;87.2;980596;0
СПБ Биржа;D;20240325;000000;87.2;89.2;87;88.2;613271;0
СПБ Биржа;D;20240326;000000;88.5;91;88.3;89.8;692464;0
СПБ Биржа;D;20240327;000000;89.9;91.3;89.1;90.1;838157;0
СПБ Биржа;D;20240328;000000;90.3;91.2;89.7;89.9;522014;0
СПБ Биржа;D;20240329;000000;89.9;90.8;88.7;89;568766;0
СПБ Биржа;D;20240401;000000;89.7;91;89.1;90.4;698944;0
СПБ Биржа;D;20240402;000000;90.2;91.2;89.8;90.8;588896;0
СПБ Биржа;D;20240403;000000;91;94;90.7;92.3;1509417;0
СПБ Биржа;D;20240404;000000;92.9;93;91;91.2;660310;0
СПБ Биржа;D;20240405;000000;91.2;92.2;90.5;91.7;425587;0
СПБ Биржа;D;20240408;000000;91.8;93;91.3;92.5;739217;0
СПБ Биржа;D;20240409;000000;92.5;95;92.2;92.8;1450081;0
СПБ Биржа;D;20240410;000000;93;94;91.5;93.6;677614;0
СПБ Биржа;D;20240411;000000;94;99.8;93.5;98.5;3555492;0
СПБ Биржа;D;20240412;000000;98.5;105;94.2;100.7;5404450;0
СПБ Биржа;D;20240415;000000;106.7;121.4;103.8;121.4;21690275;0
СПБ Биржа;D;20240416;000000;122.9;125.5;111.6;113.4;13868080;0
СПБ Биржа;D;20240417;000000;112.8;115.5;107.4;111.6;4558954;0
СПБ Биржа;D;20240418;000000;111.7;112.6;107.5;111.3;2419923;0
СПБ Биржа;D;20240419;000000;111.6;116.9;110.5;115.1;5457846;0
СПБ Биржа;D;20240422;000000;113.9;116.4;110.2;111.8;2889624;0
СПБ Биржа;D;20240423;000000;112.4;112.4;108.1;109.4;1253989;0
СПБ Биржа;D;20240424;000000;109.2;110.1;103.5;106.5;1854921;0
СПБ Биржа;D;20240425;000000;106.8;108.8;103.1;104.3;1408840;0
СПБ Биржа;D;20240426;000000;104.5;105.4;103.4;103.8;641149;0
СПБ Биржа;D;20240427;000000;103.5;107.3;102.4;104.5;1108972;0
СПБ Биржа;D;20240429;000000;104.7;107.4;102;105;733714;0
СПБ Биржа;D;20240430;000000;105.4;107.3;104.8;105.5;571802;0
СПБ Биржа;D;20240502;000000;105.5;105.5;100.6;102.1;1547143;0
СПБ Биржа;D;20240503;000000;102.1;102.5;100.1;101.5;799635;0
СПБ Биржа;D;20240506;000000;101.8;102;99.4;99.8;689382;0
СПБ Биржа;D;20240507;000000;100.1;102.9;99.6;102.5;856730;0
СПБ Биржа;D;20240508;000000;102.4;102.5;99.5;100;790683;0
СПБ Биржа;D;20240510;000000;100.9;101;99.6;100.8;361619;0
СПБ Биржа;D;20240513;000000;101;109.1;101;105.9;3429647;0
СПБ Биржа;D;20240514;000000;108.2;113.8;108;112.7;5594204;0
СПБ Биржа;D;20240515;000000;112.8;112.8;109.3;110.5;2348535;0
СПБ Биржа;D;20240516;000000;110.1;115.8;109.7;115.5;2897073;0
СПБ Биржа;D;20240517;000000;115.5;122.2;113.9;120.7;8499249;0
СПБ Биржа;D;20240520;000000;122.5;128.9;118.8;123.6;9398577;0
СПБ Биржа;D;20240521;000000;123.8;127;120.5;125.9;4302013;0
СПБ Биржа;D;20240522;000000;125.8;126.7;115.7;119.4;3038375;0
СПБ Биржа;D;20240523;000000;119.4;121;115.6;118.4;2465084;0
СПБ Биржа;D;20240524;000000;118.5;119.1;113.5;115.6;1630107;0
СПБ Биржа;D;20240527;000000;115.6;122.3;113.9;117.9;3349051;0
СПБ Биржа;D;20240528;000000;118;121.9;115.9;118.2;1837326;0
СПБ Биржа;D;20240529;000000;118.4;122.8;116.6;120.3;1543623;0
СПБ Биржа;D;20240530;000000;121.9;122.4;110.7;114.4;2610221;0
СПБ Биржа;D;20240531;000000;116.7;116.7;106.6;109.1;1955522;0
СПБ Биржа;D;20240603;000000;109.3;116.4;105;115.1;2723962;0
СПБ Биржа;D;20240604;000000;115.5;119.4;115.4;118.7;1758838;0
СПБ Биржа;D;20240605;000000;118.8;120.9;115;116.8;1334103;0
СПБ Биржа;D;20240606;000000;116.9;117.7;112.8;116.6;923585;0
СПБ Биржа;D;20240607;000000;117;121.5;116;120.2;2248594;0
СПБ Биржа;D;20240610;000000;121.4;124;117.4;120.8;2980408;0
СПБ Биржа;D;20240611;000000;121.1;121.5;118;118.7;1448729;0
СПБ Биржа;D;20240613;000000;114.4;120.4;98;119.5;2271090;0
СПБ Биржа;D;20240614;000000;121.4;123;119.4;121.1;1864797;0
СПБ Биржа;D;20240617;000000;121;130;120.4;126.2;3105559;0
СПБ Биржа;D;20240618;000000;126.1;134;122.2;124.9;5693753;0
СПБ Биржа;D;20240619;000000;126;129.2;119.1;124.5;3726222;0
СПБ Биржа;D;20240620;000000;124.8;132;122.5;129.8;3392585;0
СПБ Биржа;D;20240621;000000;130.5;136.9;128.8;134;4476057;0
СПБ Биржа;D;20240624;000000;134.2;140.6;134.2;139.9;4090657;0
СПБ Биржа;D;20240625;000000;140.2;146.7;134.4;143.5;6975040;0
СПБ Биржа;D;20240626;000000;143.7;147.5;138;141.2;4688552;0
СПБ Биржа;D;20240627;000000;142.1;142.4;135.6;137.5;2493314;0
СПБ Биржа;D;20240628;000000;137.8;137.8;130;132.8;3027929;0
СПБ Биржа;D;20240701;000000;133.5;139.4;133.1;138.7;2067276;0
СПБ Биржа;D;20240702;000000;139.2;140.5;134.6;136.2;1811925;0
СПБ Биржа;D;20240703;000000;136.2;136.2;130.1;131.7;1887635;0
СПБ Биржа;D;20240704;000000;131;134.7;125.1;128;2390979;0
СПБ Биржа;D;20240705;000000;128.1;130.5;126;128.8;1432593;0
СПБ Биржа;D;20240708;000000;129.1;134.9;129;134.3;2316545;0
СПБ Биржа;D;20240709;000000;134.3;134.8;123.6;126.4;3065625;0
СПБ Биржа;D;20240710;000000;126.4;129.3;115.1;117.9;3106920;0
СПБ Биржа;D;20240711;000000;118.3;126.4;118.2;126.1;2045677;0
СПБ Биржа;D;20240712;000000;126.8;128.3;120;122.8;2056597;0
СПБ Биржа;D;20240715;000000;123;125;113.5;114.9;2111967;0
СПБ Биржа;D;20240716;000000;116;117.2;107.5;115.6;3678648;0
СПБ Биржа;D;20240717;000000;116.4;118.4;112.1;112.7;1950419;0
СПБ Биржа;D;20240718;000000;112.7;117.4;112.7;116.6;1079695;0
СПБ Биржа;D;20240719;000000;117.4;118.9;115;116.6;1351669;0
СПБ Биржа;D;20240722;000000;117.3;127;117.3;123.8;2875893;0
СПБ Биржа;D;20240723;000000;124;125.9;121.5;122.4;1214233;0
СПБ Биржа;D;20240724;000000;122;130.3;119.7;124.9;3469015;0
СПБ Биржа;D;20240725;000000;125;127.8;123.2;125.6;2068121;0
СПБ Биржа;D;20240726;000000;126.5;139.8;118.8;135.5;7670809;0
СПБ Биржа;D;20240729;000000;133;143.8;123.1;126.4;11539412;0
СПБ Биржа;D;20240730;000000;127.9;133.6;121.2;131.7;3996080;0
СПБ Биржа;D;20240731;000000;132.6;143.9;128.4;142.9;8623717;0
СПБ Биржа;D;20240801;000000;142.9;143;133.6;134.5;5574364;0
СПБ Биржа;D;20240802;000000;134.7;139.2;130.2;133.6;5049075;0
СПБ Биржа;D;20240805;000000;130;130.9;122.5;124.2;5318590;0
СПБ Биржа;D;20240806;000000;125.3;128.6;120.5;127;3474203;0
СПБ Биржа;D;20240807;000000;127.2;132;123.3;129.8;4266035;0
СПБ Биржа;D;20240808;000000;131;131.4;125.3;129.7;3169276;0
СПБ Биржа;D;20240809;000000;129.7;134.5;127.8;130.2;1991745;0
СПБ Биржа;D;20240812;000000;130.3;130.8;125.8;127.5;2241116;0
СПБ Биржа;D;20240813;000000;128.1;129.6;126.9;128.8;1435411;0
СПБ Биржа;D;20240814;000000;129.9;134;128.1;129.3;2209838;0
СПБ Биржа;D;20240815;000000;130;130.2;127.2;127.6;729208;0
СПБ Биржа;D;20240816;000000;127.6;128.1;122.5;123.9;1337114;0
СПБ Биржа;D;20240819;000000;124.5;129.1;124.3;126.4;1800592;0
СПБ Биржа;D;20240820;000000;126;127.3;123.6;125.4;1105501;0
СПБ Биржа;D;20240821;000000;124.9;126.1;123.1;123.9;977671;0
СПБ Биржа;D;20240822;000000;123.3;124.3;116.6;118.7;2143131;0
СПБ Биржа;D;20240823;000000;119.1;121;111.6;114.8;3346219;0
СПБ Биржа;D;20240826;000000;116.8;121.6;114.6;120.8;2081860;0
СПБ Биржа;D;20240827;000000;121.7;123.2;116.3;117.8;1194584;0
СПБ Биржа;D;20240828;000000;117.5;119;112.2;114.7;2210974;0
СПБ Биржа;D;20240829;000000;115.2;116;112.3;113.5;1250767;0
СПБ Биржа;D;20240830;000000;113.5;113.5;108.1;108.8;1742536;0
СПБ Биржа;D;20240902;000000;108;113.6;102.7;105.9;2844382;0
СПБ Биржа;D;20240903;000000;105.9;109.8;101.7;105.2;2192869;0
СПБ Биржа;D;20240904;000000;105.4;108.8;103.5;108.5;1054863;0
СПБ Биржа;D;20240905;000000;109;111.3;106.1;107.6;1503417;0
СПБ Биржа;D;20240906;000000;108;108.8;105.7;107.8;513551;0
СПБ Биржа;D;20240909;000000;109;113.8;109;112.4;1882818;0
СПБ Биржа;D;20240910;000000;113.3;119;110.8;112.4;2697461;0
СПБ Биржа;D;20240911;000000;112.9;113.3;110;110.4;827866;0
СПБ Биржа;D;20240912;000000;110.5;111.1;105;107.2;1543283;0
СПБ Биржа;D;20240913;000000;107.5;109.4;105;109.1;1207139;0
СПБ Биржа;D;20240916;000000;110;112.3;108;111.6;1732111;0
СПБ Биржа;D;20240917;000000;111.8;115.3;111.6;114.5;1681953;0
СПБ Биржа;D;20240918;000000;114.5;115.3;112.5;112.7;909780;0
СПБ Биржа;D;20240919;000000;112.7;114;111.2;112.7;781892;0
СПБ Биржа;D;20240920;000000;112.7;120;112.4;118.4;2508630;0
СПБ Биржа;D;20240923;000000;120.3;124;119.1;120.6;2955189;0
СПБ Биржа;D;20240924;000000;122;123.8;118.5;121.9;2576554;0
СПБ Биржа;D;20240925;000000;123;127.9;119.4;126;3878918;0
СПБ Биржа;D;20240926;000000;127.1;133;127.1;130;4161176;0
СПБ Биржа;D;20240927;000000;130.7;133.5;130.4;132.2;2107919;0
СПБ Биржа;D;20240930;000000;132.8;135.4;125.1;126.2;4103093;0
СПБ Биржа;D;20241001;000000;126.8;131.3;126.6;129.4;2972283;0
СПБ Биржа;D;20241002;000000;129.5;134;126.3;130.6;3100688;0
СПБ Биржа;D;20241003;000000;130.9;144.9;130.1;141.8;6483638;0
СПБ Биржа;D;20241004;000000;142.9;143.5;135.9;137.2;5368735;0
СПБ Биржа;D;20241007;000000;138.5;141;131.5;136.6;3941513;0
СПБ Биржа;D;20241008;000000;137.6;141.5;136.5;140.6;2320682;0
СПБ Биржа;D;20241009;000000;141.5;146;135.3;140.7;8609063;0
СПБ Биржа;D;20241010;000000;141.5;142.4;134.3;138.4;4275144;0
СПБ Биржа;D;20241011;000000;138.3;138.5;129.2;132.3;4499702;0
СПБ Биржа;D;20241014;000000;131.5;133.7;128;129.8;2635431;0
СПБ Биржа;D;20241015;000000;129.1;130.9;127.5;129.2;1886748;0
СПБ Биржа;D;20241016;000000;129.7;131.6;123.5;125.4;2205371;0
СПБ Биржа;D;20241017;000000;125.8;136.2;124.3;126.7;8457742;0
СПБ Биржа;D;20241018;000000;126.7;129.6;123;124.7;2198333;0
СПБ Биржа;D;20241021;000000;125.1;125.3;120.5;122.6;1800322;0
СПБ Биржа;D;20241022;000000;122.8;122.8;116.1;116.7;3854835;0
СПБ Биржа;D;20241023;000000;116.7;118;111.5;111.9;2645113;0
СПБ Биржа;D;20241024;000000;112;117.5;112;116.8;1954002;0
СПБ Биржа;D;20241025;000000;117;118.5;109.5;112.8;3190829;0
СПБ Биржа;D;20241028;000000;110.5;112.1;108.1;109.3;2156853;0
СПБ Биржа;D;20241029;000000;110;120.1;109.9;116.4;4158107;0
СПБ Биржа;D;20241030;000000;117.6;118.3;113.3;113.9;1663867;0
СПБ Биржа;D;20241031;000000;114.7;114.7;110.4;112.3;1444973;0
СПБ Биржа;D;20241101;000000;112.3;116.6;111;115.8;1800963;0
СПБ Биржа;D;20241102;000000;116;119.4;115.8;118.3;1827720;0
СПБ Биржа;D;20241105;000000;119.7;121.7;117.1;121.1;1572762;0
СПБ Биржа;D;20241106;000000;126.1;133;122.7;131.9;8416303;0
СПБ Биржа;D;20241107;000000;132;134.5;127.5;133.6;4728413;0
СПБ Биржа;D;20241108;000000;134.5;135.2;130.3;133.1;2486324;0
СПБ Биржа;D;20241111;000000;134.3;134.5;127.7;130.2;2414180;0
СПБ Биржа;D;20241112;000000;128.6;129;125.7;126.2;1807135;0
СПБ Биржа;D;20241113;000000;126.1;132;125.6;127.1;2886359;0
СПБ Биржа;D;20241114;000000;127.1;131.2;126.3;128.7;1894273;0
СПБ Биржа;D;20241115;000000;129.7;129.8;127.4;129.8;1067896;0
СПБ Биржа;D;20241118;000000;125.7;127;122.2;123.7;2343530;0
СПБ Биржа;D;20241119;000000;125.9;126.1;116.9;120.1;2779029;0
СПБ Биржа;D;20241120;000000;121;122.7;115.2;119.9;2026361;0
СПБ Биржа;D;20241121;000000;119.9;122.4;116;121.9;1625133;0
СПБ Биржа;D;20241122;000000;121.9;121.9;118;118.8;942312;0
СПБ Биржа;D;20241125;000000;118.6;119.2;113.5;114.1;1218582;0
СПБ Биржа;D;20241126;000000;113.5;116.2;110.2;111.2;1455484;0
СПБ Биржа;D;20241127;000000;111.4;114.9;106.2;113.7;2375578;0
СПБ Биржа;D;20241128;000000;115;115.9;112.5;114.2;1228688;0
СПБ Биржа;D;20241129;000000;113.8;116.7;113;114.8;921790;0
СПБ Биржа;D;20241202;000000;116;117.9;115.2;117.1;1222941;0
СПБ Биржа;D;20241203;000000;117.3;121;113.8;115;2493546;0
СПБ Биржа;D;20241204;000000;115.3;117;110.3;111.3;1358409;0
СПБ Биржа;D;20241205;000000;112.4;117.2;109.2;117.1;3312329;0
СПБ Биржа;D;20241206;000000;117.5;118.5;114.9;116;999554;0
СПБ Биржа;D;20241209;000000;117;119.4;116.7;118.4;1034752;0
СПБ Биржа;D;20241210;000000;118.4;118.6;115.3;116.7;796095;0
СПБ Биржа;D;20241211;000000;116.7;118.2;115.4;117.5;763354;0
СПБ Биржа;D;20241212;000000;117.5;118.7;112.7;113.3;894630;0
СПБ Биржа;D;20241213;000000;114;118.1;112.4;116.4;1636459;0
СПБ Биржа;D;20241216;000000;115.9;116.7;112.5;114;1123982;0
СПБ Биржа;D;20241217;000000;114;115.2;110.7;113.6;1368059;0
СПБ Биржа;D;20241218;000000;113.6;114.3;109.5;112;1807925;0
СПБ Биржа;D;20241219;000000;112;114;110.6;112.3;1304850;0
СПБ Биржа;D;20241220;000000;112.3;120.4;110.8;119.1;3129336;0
СПБ Биржа;D;20241223;000000;121.4;122.8;118.4;119.8;3059819;0
СПБ Биржа;D;20241224;000000;119.8;120.7;116;116.8;1045914;0
СПБ Биржа;D;20241225;000000;116.8;120;114.5;118.9;1449643;0
СПБ Биржа;D;20241226;000000;118.8;120.4;117.3;117.9;1463654;0
СПБ Биржа;D;20241227;000000;118.2;119.1;116.6;118.6;754904;0
СПБ Биржа;D;20241228;000000;118.7;122.6;118.3;120.5;1794428;0
СПБ Биржа;D;20241230;000000;122;128.8;121.4;127.5;3120955;0
СПБ Биржа;D;20250103;000000;127.2;128.9;120.2;122.7;1887763;0
СПБ Биржа;D;20250106;000000;121.9;124.4;119.7;124.2;799803;0
СПБ Биржа;D;20250108;000000;124.8;127.1;123.6;125.6;1244991;0
СПБ Биржа;D;20250109;000000;125.6;127.1;122.3;122.7;1178038;0
СПБ Биржа;D;20250110;000000;124;127;123.1;126.2;1520904;0
СПБ Биржа;D;20250113;000000;127;134.5;127;131.2;4604295;0
СПБ Биржа;D;20250114;000000;131.2;133.4;130.1;132.7;1236815;0
СПБ Биржа;D;20250115;000000;132.5;132.9;127.6;132.3;2375618;0
СПБ Биржа;D;20250116;000000;133.2;137.5;129.5;135.3;3560469;0
СПБ Биржа;D;20250117;000000;135.5;139.3;132.2;137.4;3138677;0
СПБ Биржа;D;20250120;000000;140;142.8;129;133;4438661;0
СПБ Биржа;D;20250121;000000;133.5;138.4;133;138;1956426;0
СПБ Биржа;D;20250122;000000;138;138.6;134.5;136.2;1624178;0
СПБ Биржа;D;20250123;000000;136.2;137.7;133.6;137.3;1120940;0
СПБ Биржа;D;20250124;000000;137.3;143.2;136.6;141.8;4496460;0
СПБ Биржа;D;20250127;000000;141.7;144.9;135.6;138.4;3569932;0
СПБ Биржа;D;20250128;000000;138.9;147;136.9;144.9;5779613;0
СПБ Биржа;D;20250129;000000;144.9;155;142.6;155;7386192;0
СПБ Биржа;D;20250130;000000;156.2;159.2;152.5;155.6;5713146;0
СПБ Биржа;D;20250131;000000;156.5;158;150.6;152.9;3571950;0
СПБ Биржа;D;20250203;000000;152;154;143.4;151.1;3485935;0
СПБ Биржа;D;20250204;000000;151.3;152.5;143;144.6;2082415;0
СПБ Биржа;D;20250205;000000;144.4;153.1;140.4;151;5446996;0
СПБ Биржа;D;20250206;000000;152.7;155.8;149.3;151.4;2385711;0
СПБ Биржа;D;20250207;000000;151.4;153;147.5;149.9;921130;0
СПБ Биржа;D;20250210;000000;152.2;157.4;150.4;152.9;4162785;0
СПБ Биржа;D;20250211;000000;153.5;155.9;151.8;154.9;1942427;0
СПБ Биржа;D;20250212;000000;156.1;168.3;152.1;168.3;4795402;0
СПБ Биржа;D;20250213;000000;184;184;170.4;177.3;7767174;0
СПБ Биржа;D;20250214;000000;186.2;215.5;185.4;213.5;24657374;0
СПБ Биржа;D;20250217;000000;226.8;228.6;221;228.6;6522221;0
СПБ Биржа;D;20250218;000000;250;275.4;241.2;259.1;30264013;0
СПБ Биржа;D;20250219;000000;264.5;271.9;248.3;269.3;10485935;0
СПБ Биржа;D;20250220;000000;269.5;269.5;241.4;249.1;9194329;0
СПБ Биржа;D;20250221;000000;248;264;230.5;257.9;13137384;0
СПБ Биржа;D;20250224;000000;261.2;295.9;260.1;295.9;17830359;0
СПБ Биржа;D;20250225;000000;300.4;339.8;297.5;321.9;25448779;0
СПБ Биржа;D;20250226;000000;327;327;287.3;298;20074165;0
СПБ Биржа;D;20250227;000000;297;313.2;276;285.6;18971657;0
СПБ Биржа;D;20250228;000000;284.1;309.4;280;303.9;17397542;0
СПБ Биржа;D;20250303;000000;299.9;306.7;266.2;294;25715066;0
СПБ Биржа;D;20250304;000000;298.2;315.9;294.5;312;15334451;0
СПБ Биржа;D;20250305;000000;313;315;288.4;294.9;10974063;0
СПБ Биржа;D;20250306;000000;292.7;302.9;288.5;298.5;6315920;0
СПБ Биржа;D;20250307;000000;298.6;304.4;284.7;295;7166909;0
СПБ Биржа;D;20250310;000000;298.3;301.6;295.7;297.8;2708493;0
СПБ Биржа;D;20250311;000000;298.5;302;291;294.7;4320907;0
СПБ Биржа;D;20250312;000000;292.9;305.9;285;293.7;7961668;0
СПБ Биржа;D;20250313;000000;294;300.3;285;292.7;7851042;0
СПБ Биржа;D;20250314;000000;292.3;298;288.7;295.7;3039506;0
СПБ Биржа;D;20250317;000000;295.7;318.2;295;317.6;9396474;0
СПБ Биржа;D;20250318;000000;320;334;293;303.8;24754535;0
СПБ Биржа;D;20250319;000000;306;320;305.2;316.4;9290049;0
СПБ Биржа;D;20250320;000000;317.8;321.4;309;314.7;6197956;0
СПБ Биржа;D;20250321;000000;314.6;316.7;306.5;310.3;3116118;0
СПБ Биржа;D;20250324;000000;311;313.7;303;306.8;3006173;0
СПБ Биржа;D;20250325;000000;307.5;311.7;301.4;311.7;3304733;0
СПБ Биржа;D;20250326;000000;312;312.9;301.1;305;2543017;0
СПБ Биржа;D;20250327;000000;304.9;306.2;270.4;271.7;9567308;0
СПБ Биржа;D;20250328;000000;273;285;226.1;235.5;25761066;0
СПБ Биржа;D;20250331;000000;239.4;264.9;222.1;257.7;18781712;0
СПБ Биржа;D;20250401;000000;260.2;287.5;235.2;238;23270855;0
СПБ Биржа;D;20250402;000000;237;257;235.2;253;13828948;0
СПБ Биржа;D;20250403;000000;256;266.5;242.1;261.6;16416451;0
СПБ Биржа;D;20250404;000000;268;270;246;250.3;12247732;0
СПБ Биржа;D;20250407;000000;248.3;256.5;231.3;236.4;14992950;0
СПБ Биржа;D;20250408;000000;237.4;243;214.2;214.5;10129168;0
СПБ Биржа;D;20250409;000000;214.2;219.2;185.6;211.8;34727351;0
СПБ Биржа;D;20250410;000000;211.8;234.5;197.2;212.6;22102647;0
СПБ Биржа;D;20250411;000000;214;242.6;208.1;235.5;18951390;0
СПБ Биржа;D;20250414;000000;230.4;244.7;224.6;230.7;11198995;0
СПБ Биржа;D;20250415;000000;230.8;239.6;224.3;235.6;7249316;0
СПБ Биржа;D;20250416;000000;235;239.7;229.4;235.4;6212464;0
СПБ Биржа;D;20250417;000000;235.7;250.5;235.5;250;9040311;0
СПБ Биржа;D;20250418;000000;247;250;235.1;243.3;10116499;0
СПБ Биржа;D;20250421;000000;245.6;259.5;245.2;256.5;8703342;0
СПБ Биржа;D;20250422;000000;256.8;296.9;256.8;289;29908879;0
СПБ Биржа;D;20250423;000000;292.1;295.8;270.1;281.6;25013567;0
СПБ Биржа;D;20250424;000000;282;288.5;277.1;282.3;10431081;0
СПБ Биржа;D;20250425;000000;284;289.9;277.4;282.5;13398190;0
СПБ Биржа;D;20250428;000000;283.7;298;271.8;276.1;14918846;0
СПБ Биржа;D;20250429;000000;275.3;279.3;258.1;263;11722650;0
СПБ Биржа;D;20250430;000000;262.3;269.4;247.5;265;13905413;0
СПБ Биржа;D;20250502;000000;262.4;263.9;240;241.6;10560977;0
СПБ Биржа;D;20250505;000000;237;255.8;226.1;236.9;20535298;0
СПБ Биржа;D;20250506;000000;236.9;251.2;231.4;246.6;13163189;0
СПБ Биржа;D;20250507;000000;246.7;249.9;238.6;243.6;8694332;0
СПБ Биржа;D;20250508;000000;243.6;249.5;243.2;247.1;3943960;0
СПБ Биржа;D;20250512;000000;248.9;277.4;246.1;272.9;17431550;0
СПБ Биржа;D;20250513;000000;273.5;277;265.8;272.3;8773518;0
СПБ Биржа;D;20250514;000000;271.5;274.5;252.1;256;11085803;0
СПБ Биржа;D;20250515;000000;257;266.8;256.2;262.6;11116744;0
СПБ Биржа;D;20250516;000000;263.8;265.5;247.9;262.2;15482500;0
СПБ Биржа;D;20250519;000000;263.4;279.2;259.4;266.5;18532609;0
СПБ Биржа;D;20250520;000000;266;268.4;261.3;263;6117774;0
СПБ Биржа;D;20250521;000000;264;265.6;255.1;258;4877880;0
СПБ Биржа;D;20250522;000000;257.6;258.2;248.3;251.6;8739035;0
СПБ Биржа;D;20250523;000000;251.6;256.8;250;255.9;3249432;0
СПБ Биржа;D;20250526;000000;253.6;254.9;228.6;230.1;14746248;0
СПБ Биржа;D;20250527;000000;228.5;235;213;232.6;20538670;0
СПБ Биржа;D;20250528;000000;233.3;254.9;233;254.7;17505237;0
СПБ Биржа;D;20250529;000000;255.2;255.8;241.5;242.2;8630059;0
СПБ Биржа;D;20250530;000000;243.8;253;238;251.5;8996045;0
СПБ Биржа;D;20250602;000000;251.5;255.5;232.5;244.4;17596424;0
СПБ Биржа;D;20250603;000000;245.6;248;238.8;243.2;5924285;0
СПБ Биржа;D;20250604;000000;242.9;245.4;233.3;236.3;12047334;0
СПБ Биржа;D;20250605;000000;237.5;240.4;233.6;238;5873189;0
СПБ Биржа;D;20250606;000000;239;241.9;228.9;232.9;7348519;0
СПБ Биржа;D;20250609;000000;234.2;235;223;227.2;6430996;0
СПБ Биржа;D;20250610;000000;227.2;230.4;221.4;225.7;3064726;0
СПБ Биржа;D;20250611;000000;225.8;230;223.8;227.4;2456039;0
СПБ Биржа;D;20250613;000000;228.3;232.8;227.1;228.1;1951831;0
СПБ Биржа;D;20250616;000000;228.2;229.5;219.6;219.7;3999127;0
СПБ Биржа;D;20250617;000000;219.8;228.3;216.7;223.2;4660686;0
СПБ Биржа;D;20250618;000000;222.5;228;221;223.6;2989776;0
СПБ Биржа;D;20250619;000000;224.1;227.5;218.8;222.3;2746778;0
СПБ Биржа;D;20250620;000000;222;222;214.2;215.9;2853179;0
СПБ Биржа;D;20250623;000000;213.4;215;198.1;200.6;9097178;0
СПБ Биржа;D;20250624;000000;201.5;219.4;201.2;219.4;11018419;0
СПБ Биржа;D;20250625;000000;219.4;223;214.6;220.3;6743865;0
СПБ Биржа;D;20250626;000000;220.3;221.3;215.5;217.2;2140966;0
СПБ Биржа;D;20250627;000000;217.6;224.3;212.7;220.8;8047651;0
СПБ Биржа;D;20250630;000000;221.1;227.2;220.5;223.8;5521694;0
СПБ Биржа;D;20250701;000000;223.9;224.9;215.2;219.4;6427008;0
СПБ Биржа;D;20250702;000000;220;223.5;214.1;221.6;5391756;0
СПБ Биржа;D;20250703;000000;222.5;225;218.6;219.9;3726502;0
СПБ Биржа;D;20250704;000000;219;219;215;216;2083178;0
СПБ Биржа;D;20250707;000000;216.2;220;203.1;204.4;4825121;0
СПБ Биржа;D;20250708;000000;204.4;207;195;195.7;6058880;0
СПБ Биржа;D;20250709;000000;195.7;200.8;188.8;194;5770976;0
СПБ Биржа;D;20250710;000000;195;199.8;193.9;196.1;2784888;0
СПБ Биржа;D;20250711;000000;195;196.6;186;187.5;4767907;0
СПБ Биржа;D;20250714;000000;187.9;209.5;171.4;205.5;22712303;0
СПБ Биржа;D;20250715;000000;206;208;200.1;201.5;6712787;0
СПБ Биржа;D;20250716;000000;202.4;202.4;192.8;193.2;6188396;0
СПБ Биржа;D;20250717;000000;192.6;196.1;186.7;187.1;3480697;0
СПБ Биржа;D;20250718;000000;186.8;198.7;185;197.4;7218157;0
СПБ Биржа;D;20250721;000000;197.9;213;197.7;210;11483432;0
СПБ Биржа;D;20250722;000000;210.1;211.6;203;210;4502303;0
СПБ Биржа;D;20250723;000000;210.9;212.6;206.3;207.9;5238292;0
СПБ Биржа;D;20250724;000000;206.6;208.5;203.3;205.3;2679565;0
СПБ Биржа;D;20250725;000000;206;209.1;198.7;202.1;6075744;0
СПБ Биржа;D;20250728;000000;203.3;205.5;189.2;194;10115998;0
СПБ Биржа;D;20250729;000000;194.4;197.4;191.6;193.5;3329075;0
СПБ Биржа;D;20250730;000000;193.5;194.5;189.3;192.8;2223327;0
СПБ Биржа;D;20250731;000000;192.3;195.6;191.5;194.1;2092896;0
СПБ Биржа;D;20250801;000000;195.2;201.5;194.5;198.6;6717342;0
СПБ Биржа;D;20250804;000000;199.3;208.9;198.4;208.9;4843818;0
СПБ Биржа;D;20250805;000000;209.5;210;203.2;209.8;3771010;0
СПБ Биржа;D;20250806;000000;209.8;229.9;205.7;229.9;18836126;0
СПБ Биржа;D;20250807;000000;229.9;254.8;228.3;254.5;41180591;0
СПБ Биржа;D;20250808;000000;259.6;286.8;250.4;282.5;28680074;0
СПБ Биржа;D;20250811;000000;291.5;300.5;277;284.1;31274958;0
СПБ Биржа;D;20250812;000000;283.8;285;272;281.8;15592072;0
СПБ Биржа;D;20250813;000000;282.3;288.6;277.7;283.2;10537275;0
СПБ Биржа;D;20250814;000000;283.9;293.5;276;292.8;14013298;0
СПБ Биржа;D;20250815;000000;293.5;298.3;288.2;292.9;12578213;0
СПБ Биржа;D;20250818;000000;284.6;298.5;270.6;289.5;23517566;0
СПБ Биржа;D;20250819;000000;291.3;291.8;276.2;280;11658918;0
СПБ Биржа;D;20250820;000000;280;281.8;271.5;272.5;6031703;0
СПБ Биржа;D;20250821;000000;272.1;273.3;251.1;253.6;16210341;0
СПБ Биржа;D;20250822;000000;253.6;267.4;252.3;263;12288086;0
СПБ Биржа;D;20250825;000000;264.1;267.4;246;251.1;13470752;0
СПБ Биржа;D;20250826;000000;253.2;259;251.6;256;5904716;0
СПБ Биржа;D;20250827;000000;256.8;271.8;253.1;269.7;13990741;0
СПБ Биржа;D;20250828;000000;270;270.7;254.2;257.6;10518890;0
СПБ Биржа;D;20250829;000000;258.2;264.5;258.1;263.1;6849612;0
СПБ Биржа;D;20250901;000000;263.1;269;255.3;259.7;6915934;0
СПБ Биржа;D;20250902;000000;259.1;260.5;250.2;256.9;7290141;0
СПБ Биржа;D;20250903;000000;257.5;264;253.3;261.5;5655508;0
СПБ Биржа;D;20250904;000000;260.9;265;255.6;259.5;7435286;0
СПБ Биржа;D;20250905;000000;260.1;265.2;259.3;261.3;5097922;0
