<TICKER>;<PER>;<DATE>;<TIME>;<OPEN>;<HIGH>;<LOW>;<CLOSE>;<VOL>;<OPENINT>
Самолет ао;D;20201029;000000;969;1053;908;953;210997;0
Самолет ао;D;20201030;000000;955;990;951.6;955;54402;0
Самолет ао;D;20201102;000000;955;958;952;957;16599;0
Самолет ао;D;20201103;000000;959.6;959.6;952;952.6;8985;0
Самолет ао;D;20201105;000000;959;959;944.8;952.8;15505;0
Самолет ао;D;20201106;000000;958.2;958.2;950.6;952;9682;0
Самолет ао;D;20201109;000000;952;954.2;940.6;942;14891;0
Самолет ао;D;20201110;000000;940.2;951;935;950;12696;0
Самолет ао;D;20201111;000000;950.8;950.8;940.2;948;9998;0
Самолет ао;D;20201112;000000;950;950.6;941;947;3810;0
Самолет ао;D;20201113;000000;947;950;941;947;6267;0
Самолет ао;D;20201116;000000;949.8;951;941.2;948.4;12746;0
Самолет ао;D;20201117;000000;942;950.8;941.2;947.6;5005;0
Самолет ао;D;20201118;000000;948;948;940;947;10422;0
Самолет ао;D;20201119;000000;949.6;949.6;942.8;946.2;3687;0
Самолет ао;D;20201120;000000;946.2;949.6;942.2;943.2;3896;0
Самолет ао;D;20201123;000000;949.4;949.6;941.2;946.2;8916;0
Самолет ао;D;20201124;000000;942.4;948;941.2;947.8;5497;0
Самолет ао;D;20201125;000000;949;950;941.2;949;14179;0
Самолет ао;D;20201126;000000;948.2;949.6;941.2;945;6659;0
Самолет ао;D;20201127;000000;948.8;948.8;941.8;946.8;7648;0
Самолет ао;D;20201130;000000;948.4;948.4;942.2;944;2344;0
Самолет ао;D;20201201;000000;942;948.4;940;945;5640;0
Самолет ао;D;20201202;000000;941.4;946.6;941.2;946;7150;0
Самолет ао;D;20201203;000000;942.2;946;941.2;942.6;6730;0
Самолет ао;D;20201204;000000;941.2;944;941;943.8;6791;0
Самолет ао;D;20201207;000000;941.6;944.4;933;935.6;17152;0
Самолет ао;D;20201208;000000;942;942;930;935;5705;0
Самолет ао;D;20201209;000000;940;946;931;940.8;6474;0
Самолет ао;D;20201210;000000;945;945;935;939;7900;0
Самолет ао;D;20201211;000000;939;943.8;932;936;2306;0
Самолет ао;D;20201214;000000;940;959.4;934.8;952.2;22428;0
Самолет ао;D;20201215;000000;952;970;932;967;18436;0
Самолет ао;D;20201216;000000;967;967;955.6;959.8;18274;0
Самолет ао;D;20201217;000000;963;963;952.2;954;9040;0
Самолет ао;D;20201218;000000;957.6;957.6;935;955;11896;0
Самолет ао;D;20201221;000000;945.6;953;939;944.4;19114;0
Самолет ао;D;20201222;000000;941;955;936;950.2;8513;0
Самолет ао;D;20201223;000000;950.4;960;949;950;2543;0
Самолет ао;D;20201224;000000;949.6;953.4;945.8;950.2;2126;0
Самолет ао;D;20201225;000000;947;967;947;959.2;8025;0
Самолет ао;D;20201228;000000;963.6;963.6;950;951;3280;0
Самолет ао;D;20201229;000000;963.8;963.8;950;959.4;3557;0
Самолет ао;D;20201230;000000;960;960;949.4;958;4391;0
Самолет ао;D;20210104;000000;959.4;965;951.4;964.8;4049;0
Самолет ао;D;20210105;000000;967;967;951.4;965;5189;0
Самолет ао;D;20210106;000000;962;966.6;957.2;962;1380;0
Самолет ао;D;20210108;000000;960.4;964;956.2;958;4322;0
Самолет ао;D;20210111;000000;958;966.4;950;961.8;6620;0
Самолет ао;D;20210112;000000;962.6;962.6;951.2;956.8;3467;0
Самолет ао;D;20210113;000000;960.4;962;950.2;952;2556;0
Самолет ао;D;20210114;000000;957.8;960.4;950.4;951;1883;0
Самолет ао;D;20210115;000000;951;955.8;940;951;18292;0
Самолет ао;D;20210118;000000;942.6;958.4;942.2;950.6;3044;0
Самолет ао;D;20210119;000000;951.8;972.8;951;957.2;10653;0
Самолет ао;D;20210120;000000;957.2;973.4;957.2;960;10180;0
Самолет ао;D;20210121;000000;960;969.8;950.2;960.6;7198;0
Самолет ао;D;20210122;000000;954;960.8;948;951;8909;0
Самолет ао;D;20210125;000000;950.4;962.4;950.4;957.2;5360;0
Самолет ао;D;20210126;000000;958;962;951;956;2074;0
Самолет ао;D;20210127;000000;958.6;961;953.6;955;3296;0
Самолет ао;D;20210128;000000;954.2;970;948.2;960;47156;0
Самолет ао;D;20210129;000000;965;969.4;951.8;956.8;11075;0
Самолет ао;D;20210201;000000;956.8;967.6;955.2;958;5412;0
Самолет ао;D;20210202;000000;955.6;976;955.6;970;25109;0
Самолет ао;D;20210203;000000;960;976;960;972;8587;0
Самолет ао;D;20210204;000000;972;1005;947;981;82061;0
Самолет ао;D;20210205;000000;980.2;1033;979.8;1005.4;48357;0
Самолет ао;D;20210208;000000;1024.8;1132.2;1024.8;1070;111415;0
Самолет ао;D;20210209;000000;1066.2;1126;1065.8;1098;39343;0
Самолет ао;D;20210210;000000;1100;1100;1064;1091;22306;0
Самолет ао;D;20210211;000000;1069.8;1100;1056.4;1095;26476;0
Самолет ао;D;20210212;000000;1093.4;1100;1062.2;1072.4;25090;0
Самолет ао;D;20210215;000000;1060;1093.6;1059.8;1090.2;17388;0
Самолет ао;D;20210216;000000;1094.4;1099;1074;1075;14091;0
Самолет ао;D;20210217;000000;1077.4;1077.6;1060.8;1070;16863;0
Самолет ао;D;20210218;000000;1062.8;1090;1061.8;1075.2;9976;0
Самолет ао;D;20210219;000000;1080;1090;1071;1088.8;17245;0
Самолет ао;D;20210220;000000;1089.8;1098;1072.2;1085.8;12416;0
Самолет ао;D;20210222;000000;1096;1100;1071.4;1088.2;10689;0
Самолет ао;D;20210224;000000;1084;1147.6;1075.2;1147.6;33507;0
Самолет ао;D;20210225;000000;1170;1201.4;1127;1140;37065;0
Самолет ао;D;20210226;000000;1140;1179;1091.4;1160;23670;0
Самолет ао;D;20210301;000000;1179.8;1200;1158.6;1184.8;21540;0
Самолет ао;D;20210302;000000;1155.8;1195.4;1154;1167.8;22442;0
Самолет ао;D;20210303;000000;1165;1194.4;1163;1170;35675;0
Самолет ао;D;20210304;000000;1158;1200;1158;1200;19339;0
Самолет ао;D;20210305;000000;1238;1238;1181.2;1205;32586;0
Самолет ао;D;20210309;000000;1205;1230;1180;1205;43114;0
Самолет ао;D;20210310;000000;1185.6;1201;1168;1201;17106;0
Самолет ао;D;20210311;000000;1201;1201;1178.4;1200.8;14247;0
Самолет ао;D;20210312;000000;1200;1205;1183.2;1190;3997;0
Самолет ао;D;20210315;000000;1191.4;1205;1180.2;1188.2;15509;0
Самолет ао;D;20210316;000000;1197;1205;1189.6;1205;11577;0
Самолет ао;D;20210317;000000;1209;1209;1180;1201.4;15473;0
Самолет ао;D;20210318;000000;1205;1214;1185.6;1209.6;20445;0
Самолет ао;D;20210319;000000;1215;1270.2;1198;1250;36088;0
Самолет ао;D;20210322;000000;1263.8;1298;1235.6;1250;22190;0
Самолет ао;D;20210323;000000;1249.8;1250;1225;1250;15727;0
Самолет ао;D;20210324;000000;1250;1250;1231.2;1249.8;8057;0
Самолет ао;D;20210325;000000;1249.6;1250;1241;1249;10769;0
Самолет ао;D;20210326;000000;1250;1270;1236;1260;23474;0
Самолет ао;D;20210329;000000;1264;1281.8;1250.2;1270;35788;0
Самолет ао;D;20210330;000000;1270.6;1284.6;1250;1269;24184;0
Самолет ао;D;20210331;000000;1280;1280;1247;1251.8;13112;0
Самолет ао;D;20210401;000000;1260;1270.8;1250;1270.8;14389;0
Самолет ао;D;20210402;000000;1281;1310;1262;1295.6;11686;0
Самолет ао;D;20210405;000000;1299.8;1300;1290.4;1296;9573;0
Самолет ао;D;20210406;000000;1299.8;1340;1275;1323.8;13821;0
Самолет ао;D;20210407;000000;1324.4;1493.4;1300.6;1430;37866;0
Самолет ао;D;20210408;000000;1455;1621;1330;1502;146238;0
Самолет ао;D;20210409;000000;1503;1529.2;1427;1502;102716;0
Самолет ао;D;20210412;000000;1499.8;1517.4;1475;1484;55920;0
Самолет ао;D;20210413;000000;1490;1513.6;1476.8;1511.4;32165;0
Самолет ао;D;20210414;000000;1511.4;1551;1501.8;1510;110430;0
Самолет ао;D;20210415;000000;1519.6;1533;1496;1522;40792;0
Самолет ао;D;20210416;000000;1527.8;1541;1506.4;1535;101729;0
Самолет ао;D;20210419;000000;1548;1570;1520;1530;30327;0
Самолет ао;D;20210420;000000;1533;1559;1522.2;1539.8;39594;0
Самолет ао;D;20210421;000000;1547.8;1548.8;1525.2;1540;58873;0
Самолет ао;D;20210422;000000;1542.6;1549;1530.8;1547.8;17292;0
Самолет ао;D;20210423;000000;1540;1545;1505;1540;64513;0
Самолет ао;D;20210426;000000;1537.8;1544;1510;1541;26697;0
Самолет ао;D;20210427;000000;1541;1541;1522;1540.2;20659;0
Самолет ао;D;20210428;000000;1540.2;1540.2;1521;1540;12655;0
Самолет ао;D;20210429;000000;1540;1547.4;1524.4;1540;11959;0
Самолет ао;D;20210430;000000;1546.8;1547;1525;1540;6333;0
Самолет ао;D;20210504;000000;1546.8;1546.8;1532;1532;4371;0
Самолет ао;D;20210505;000000;1532;1542;1520.4;1540.2;4232;0
Самолет ао;D;20210506;000000;1530.2;1542;1522.6;1533;7222;0
Самолет ао;D;20210507;000000;1530.2;1546.2;1510;1546.2;9124;0
Самолет ао;D;20210510;000000;1550.2;1550.2;1534.4;1545.6;5970;0
Самолет ао;D;20210511;000000;1534.6;1546.4;1515.2;1546.4;11465;0
Самолет ао;D;20210512;000000;1549.8;1549.8;1531.2;1544.8;6341;0
Самолет ао;D;20210513;000000;1532;1545.2;1511;1545.2;12935;0
Самолет ао;D;20210514;000000;1545.2;1545.2;1532;1536;11557;0
Самолет ао;D;20210517;000000;1535.8;1539;1299.8;1539;56792;0
Самолет ао;D;20210518;000000;1520.8;1538.4;1511;1534;13344;0
Самолет ао;D;20210519;000000;1534;1534;1512;1528.8;9413;0
Самолет ао;D;20210520;000000;1528.8;1537.8;1516.6;1537.8;10456;0
Самолет ао;D;20210521;000000;1537.8;1537.8;1521;1529.8;4964;0
Самолет ао;D;20210524;000000;1525.2;1530.8;1515;1523.8;11048;0
Самолет ао;D;20210525;000000;1524.2;1530.4;1513.2;1525.4;63002;0
Самолет ао;D;20210526;000000;1520.2;1529.6;1520;1521.2;2017;0
Самолет ао;D;20210527;000000;1529;1530;1513.4;1515.6;3786;0
Самолет ао;D;20210528;000000;1515.6;1530;1502.4;1527;6089;0
Самолет ао;D;20210531;000000;1527;1542.2;1517.6;1539;8106;0
Самолет ао;D;20210601;000000;1530;1543.8;1525.4;1541;6267;0
Самолет ао;D;20210602;000000;1540;1571.6;1536;1566;54237;0
Самолет ао;D;20210603;000000;1575;1637.8;1554.6;1584.8;31829;0
Самолет ао;D;20210604;000000;1584.6;1607.6;1561;1580;11882;0
Самолет ао;D;20210607;000000;1596.8;1607.6;1582;1590;25391;0
Самолет ао;D;20210608;000000;1597.2;1650;1582.4;1629.8;65602;0
Самолет ао;D;20210609;000000;1630;1749.2;1630;1650;60159;0
Самолет ао;D;20210610;000000;1652.2;1680;1648.2;1650;43846;0
Самолет ао;D;20210611;000000;1653;1676.6;1621.2;1654;40192;0
Самолет ао;D;20210614;000000;1666.4;1719.8;1654.4;1660.8;9463;0
Самолет ао;D;20210615;000000;1678.2;1678.2;1640;1660;7716;0
Самолет ао;D;20210616;000000;1630;1682.4;1630;1657.6;5967;0
Самолет ао;D;20210617;000000;1674.2;1674.2;1631.8;1661.2;4424;0
Самолет ао;D;20210618;000000;1661.2;1668;1645.6;1664.6;7719;0
Самолет ао;D;20210621;000000;1664.6;1670;1631.2;1665;13231;0
Самолет ао;D;20210622;000000;1665;1685;1661.2;1668.2;18848;0
Самолет ао;D;20210623;000000;1669.8;1710.4;1655.4;1677.6;18295;0
Самолет ао;D;20210624;000000;1697.8;1720;1656;1689.8;22763;0
Самолет ао;D;20210625;000000;1689.8;1720;1680;1688;10338;0
Самолет ао;D;20210628;000000;1666.2;1710;1656;1674.4;7304;0
Самолет ао;D;20210629;000000;1660.2;1684.4;1660;1672;16690;0
Самолет ао;D;20210630;000000;1689;1689;1666.2;1671;6808;0
Самолет ао;D;20210701;000000;1685.6;1686;1655.2;1672;15994;0
Самолет ао;D;20210702;000000;1677.6;1705;1664;1665.2;17008;0
Самолет ао;D;20210705;000000;1669.8;1715;1652;1675.4;38137;0
Самолет ао;D;20210706;000000;1695;1703.6;1670.2;1690;10892;0
Самолет ао;D;20210707;000000;1680.4;1729.6;1679.8;1726;18577;0
Самолет ао;D;20210708;000000;1726;1775;1691.8;1739.8;19322;0
Самолет ао;D;20210709;000000;1739.4;1845.8;1739.4;1800;24033;0
Самолет ао;D;20210712;000000;1800;1899;1756;1820;28603;0
Самолет ао;D;20210713;000000;1815.4;1852;1815;1816;27776;0
Самолет ао;D;20210714;000000;1840;1948;1817;1887.8;99749;0
Самолет ао;D;20210715;000000;1953.6;2050;1864;1950;112391;0
Самолет ао;D;20210716;000000;1970;2080;1954;2036.8;139013;0
Самолет ао;D;20210719;000000;2049;2200;2025;2064.2;118309;0
Самолет ао;D;20210720;000000;2066.2;2190;2066.2;2165;77966;0
Самолет ао;D;20210721;000000;2170;2498.8;2170;2380;268196;0
Самолет ао;D;20210722;000000;2381.2;2640;2245;2422;407945;0
Самолет ао;D;20210723;000000;2499.8;2599;2260;2360;139622;0
Самолет ао;D;20210726;000000;2440;2440;2210.2;2340;97754;0
Самолет ао;D;20210727;000000;2388.8;2388.8;2320;2351;40065;0
Самолет ао;D;20210728;000000;2359.8;2458;2320;2350.2;63798;0
Самолет ао;D;20210729;000000;2368;2413.2;2336;2350;28389;0
Самолет ао;D;20210730;000000;2388;2388;2333;2358.4;16802;0
Самолет ао;D;20210802;000000;2369;2395.8;2338.2;2362.6;34419;0
Самолет ао;D;20210803;000000;2354.4;2411;2351;2375.6;34860;0
Самолет ао;D;20210804;000000;2389;2429.8;2368.2;2370;37929;0
Самолет ао;D;20210805;000000;2371.4;2414;2354;2398.2;18634;0
Самолет ао;D;20210806;000000;2413.6;2500.2;2391.2;2465.2;52315;0
Самолет ао;D;20210809;000000;2468;2737.2;2465;2600;119967;0
Самолет ао;D;20210810;000000;2600.2;2839;2600.2;2830;131430;0
Самолет ао;D;20210811;000000;2878;3100;2805;2996.8;314275;0
Самолет ао;D;20210812;000000;2996;3080;2820;2930.2;144374;0
Самолет ао;D;20210813;000000;2928;3014.8;2871.2;3000;68148;0
Самолет ао;D;20210816;000000;3050;3169;3040;3096.2;114502;0
Самолет ао;D;20210817;000000;3130;3300;3104;3295;175848;0
Самолет ао;D;20210818;000000;3347;3430;3189;3252.4;201499;0
Самолет ао;D;20210819;000000;3275;3341.8;3000.4;3120;203093;0
Самолет ао;D;20210820;000000;3180;3390;3124.2;3355;147818;0
Самолет ао;D;20210823;000000;3390;3490.8;3350;3432;200075;0
Самолет ао;D;20210824;000000;3478.4;3519;3300;3350;150432;0
Самолет ао;D;20210825;000000;3396.8;3396.8;3182.6;3269.2;131716;0
Самолет ао;D;20210826;000000;3275;3448.8;3261;3387.8;74527;0
Самолет ао;D;20210827;000000;3448.8;3580;3358;3399.2;70291;0
Самолет ао;D;20210830;000000;3430.2;3450;3366.8;3394.8;34297;0
Самолет ао;D;20210831;000000;3402;3450;3320;3400;43825;0
Самолет ао;D;20210901;000000;3401;3500;3360;3500;48373;0
Самолет ао;D;20210902;000000;3512.6;3899.6;3442.2;3891.6;238793;0
Самолет ао;D;20210903;000000;3930;4180;3780;3900;266684;0
Самолет ао;D;20210906;000000;3898.8;4198;3898.8;4178.8;138196;0
Самолет ао;D;20210907;000000;4198;4295;3540;3900.2;315330;0
Самолет ао;D;20210908;000000;3910;4149.8;3890;4076.6;149961;0
Самолет ао;D;20210909;000000;4111.4;4398;4099.8;4380;200063;0
Самолет ао;D;20210910;000000;4375;4730;4225.6;4683.8;248192;0
Самолет ао;D;20210913;000000;4800;5070;4700;4839.8;310314;0
Самолет ао;D;20210914;000000;4932;4932;4537;4764.2;156899;0
Самолет ао;D;20210915;000000;4820;5088.8;4800;4929;143558;0
Самолет ао;D;20210916;000000;5000;5300;4929;5295;344951;0
Самолет ао;D;20210917;000000;5311;5800;5306;5716.4;690717;0
Самолет ао;D;20210920;000000;5654;5654;4780;5481;485181;0
Самолет ао;D;20210921;000000;5541.8;5750;5525;5650;277861;0
Самолет ао;D;20210922;000000;5698.8;5728;5467.8;5639.2;201396;0
Самолет ао;D;20210923;000000;5710;5710;5500;5581.4;104745;0
Самолет ао;D;20210924;000000;5580;5580;5200;5262;192670;0
Самолет ао;D;20210927;000000;5262;5419.8;4830;5180.2;395099;0
Самолет ао;D;20210928;000000;5198.4;5300;5012;5150;100680;0
Самолет ао;D;20210929;000000;5100;5140;4908.8;5060;149408;0
Самолет ао;D;20210930;000000;5064.2;5126;4621;4990;267523;0
Самолет ао;D;20211001;000000;4944;4948.6;4670;4876;152819;0
Самолет ао;D;20211004;000000;4778.4;4920;4660;4900;115560;0
Самолет ао;D;20211005;000000;4970;5250;4840;5000;196888;0
Самолет ао;D;20211006;000000;4999;4999;4830;4880;55703;0
Самолет ао;D;20211007;000000;4900;5081.4;4782.2;4934.6;66776;0
Самолет ао;D;20211008;000000;4934.6;5052;4870;4936.8;65830;0
Самолет ао;D;20211011;000000;4936.8;4969.8;4872.2;4880.4;30026;0
Самолет ао;D;20211012;000000;4899.8;4899.8;4796.2;4809.8;30136;0
Самолет ао;D;20211013;000000;4805;4945;4660.2;4869.4;64579;0
Самолет ао;D;20211014;000000;4860;4967.2;4800;4949;36083;0
Самолет ао;D;20211015;000000;4980;4990;4808.6;4808.6;34252;0
Самолет ао;D;20211018;000000;4830;4870;4740;4805;23896;0
Самолет ао;D;20211019;000000;4880;4880;4800;4814;10228;0
Самолет ао;D;20211020;000000;4833;4839.2;4740;4800;32338;0
Самолет ао;D;20211021;000000;4800;4820;4674.2;4801;49324;0
Самолет ао;D;20211022;000000;4790.4;5016;4790.4;4800.2;45745;0
Самолет ао;D;20211025;000000;4997;4999.2;4805;4815;10768;0
Самолет ао;D;20211026;000000;4822.2;4868.2;4740;4820;42895;0
Самолет ао;D;20211027;000000;4845;4947;4755;4894.2;35679;0
Самолет ао;D;20211028;000000;4910;4931.6;4760;4860;29903;0
Самолет ао;D;20211029;000000;4930;4988.6;4874.6;4910;28371;0
Самолет ао;D;20211101;000000;4805;4975;4805;4942;17127;0
Самолет ао;D;20211102;000000;4946.2;5000;4850;4900.4;23920;0
Самолет ао;D;20211103;000000;4894.2;4958.8;4851;4915;15577;0
Самолет ао;D;20211105;000000;4915;4940.6;4844;4910.2;16479;0
Самолет ао;D;20211108;000000;4910.2;4921;4848.4;4890;15834;0
Самолет ао;D;20211109;000000;4890;4928;4860.6;4894;13131;0
Самолет ао;D;20211110;000000;4896;4927.8;4817;4851.4;22548;0
Самолет ао;D;20211111;000000;4814;4910;4802.2;4854;43477;0
Самолет ао;D;20211112;000000;4854;4885;4741.4;4885;59968;0
Самолет ао;D;20211115;000000;4820;4875.8;4780;4860;21350;0
Самолет ао;D;20211116;000000;4848;4848;4780.2;4830;27879;0
Самолет ао;D;20211117;000000;4840;4844.2;4751.2;4830;23056;0
Самолет ао;D;20211118;000000;4810;4820;4658.6;4724;54484;0
Самолет ао;D;20211119;000000;4738.4;4779.8;4672.8;4730;21651;0
Самолет ао;D;20211122;000000;4730.2;4748;4566.2;4741;54880;0
Самолет ао;D;20211123;000000;4741;4741;4493;4630;56614;0
Самолет ао;D;20211124;000000;4650;4700;4457.6;4687.4;54745;0
Самолет ао;D;20211125;000000;4684;4740;4652.6;4704.8;18406;0
Самолет ао;D;20211126;000000;4697.2;4715.8;4550;4710;18212;0
Самолет ао;D;20211129;000000;4710;4960.8;4686.4;4775;72762;0
Самолет ао;D;20211130;000000;4840;4880;4660;4740;27662;0
Самолет ао;D;20211201;000000;4750;4925;4750;4903;35085;0
Самолет ао;D;20211202;000000;4930;5367.8;4924.2;5367.8;120142;0
Самолет ао;D;20211203;000000;5480;5500;5020;5110;85777;0
Самолет ао;D;20211206;000000;5110;5187;4909;5095;82626;0
Самолет ао;D;20211207;000000;5169.8;5270.4;4982.2;5100;35556;0
Самолет ао;D;20211208;000000;5171.8;5193;4981.2;5099;27657;0
Самолет ао;D;20211209;000000;5161.2;5161.2;4970;5100;28855;0
Самолет ао;D;20211210;000000;5095;5150;5030;5083.8;10595;0
Самолет ао;D;20211213;000000;5160;5160;4970;5040;24179;0
Самолет ао;D;20211214;000000;4996.2;5024.8;4800;5000;40356;0
Самолет ао;D;20211215;000000;5010;5085;4950.2;5030;23990;0
Самолет ао;D;20211216;000000;5100;5100;5001.8;5040.8;9029;0
Самолет ао;D;20211217;000000;5050;5063;4910.2;4910.2;26693;0
Самолет ао;D;20211220;000000;5020;5040.4;4877.8;4949.8;26970;0
Самолет ао;D;20211221;000000;4937.8;4990;4780;4990;38937;0
Самолет ао;D;20211222;000000;4818.8;4990;4818.8;4856.2;23436;0
Самолет ао;D;20211223;000000;4859;4930;4750;4808;22095;0
Самолет ао;D;20211224;000000;4847.2;4864.8;4760.2;4760.2;10607;0
Самолет ао;D;20211227;000000;4787.8;4904.4;4609;4800;26272;0
Самолет ао;D;20211228;000000;4848;4848;4720.6;4789.8;24963;0
Самолет ао;D;20211229;000000;4755;4840;4720.2;4811;14333;0
Самолет ао;D;20211230;000000;4800.2;4972.8;4735.4;4850;24166;0
Самолет ао;D;20220103;000000;4910;5048.8;4895;5000;16360;0
Самолет ао;D;20220104;000000;5160;5160;4900;4910;10485;0
Самолет ао;D;20220105;000000;4987;4987;4856.2;4913;8919;0
Самолет ао;D;20220106;000000;4850.2;4920.6;4850.2;4901;7070;0
Самолет ао;D;20220110;000000;4876.4;4921.4;4826.2;4900;7364;0
Самолет ао;D;20220111;000000;4851;4916.2;4851;4892;3440;0
Самолет ао;D;20220112;000000;4893;4900;4808.6;4900;14679;0
Самолет ао;D;20220113;000000;4850.4;4898;4850;4875.2;5009;0
Самолет ао;D;20220114;000000;4888;4900;4760;4869.2;11152;0
Самолет ао;D;20220117;000000;4810;4931.8;4711;4884;8343;0
Самолет ао;D;20220118;000000;4884;4884;4657.2;4749.8;14390;0
Самолет ао;D;20220119;000000;4657;4735.2;4657;4681;13629;0
Самолет ао;D;20220120;000000;4721.8;4801;4643;4801;5081;0
Самолет ао;D;20220121;000000;4720;4727.8;4650;4687;5110;0
Самолет ао;D;20220124;000000;4687.4;4737.8;3908;4168.8;101978;0
Самолет ао;D;20220125;000000;4204;4664.6;4204;4650;26498;0
Самолет ао;D;20220126;000000;4679.6;4679.6;4417.4;4551.2;14053;0
Самолет ао;D;20220127;000000;4551.2;4638.6;4430;4531;15064;0
Самолет ао;D;20220128;000000;4599;4650;4451.6;4487;8385;0
Самолет ао;D;20220131;000000;4526;4600;4450;4502.8;8820;0
Самолет ао;D;20220201;000000;4580;4583;4300;4326;14459;0
Самолет ао;D;20220202;000000;4398;4590;4315;4445;21620;0
Самолет ао;D;20220203;000000;4445.5;4540;4339;4401.5;19981;0
Самолет ао;D;20220204;000000;4520;4569.5;4400;4504;11876;0
Самолет ао;D;20220207;000000;4503.5;4547.5;4410;4450;8599;0
Самолет ао;D;20220208;000000;4460.5;4500;4445;4496.5;2984;0
Самолет ао;D;20220209;000000;4495;4650;4480;4650;11205;0
Самолет ао;D;20220210;000000;4750;4810;4564.5;4786;32994;0
Самолет ао;D;20220211;000000;4795;4867;4675;4693.5;16763;0
Самолет ао;D;20220214;000000;4664.5;4676.5;4500;4515;10896;0
Самолет ао;D;20220215;000000;4520;4636.5;4520;4557;5592;0
Самолет ао;D;20220216;000000;4558.5;4627;4512.5;4550.5;6793;0
Самолет ао;D;20220217;000000;4504;4600;4338;4355;15836;0
Самолет ао;D;20220218;000000;4413.5;4652.5;4400;4419;40704;0
Самолет ао;D;20220221;000000;4445.5;4511.5;4050;4200;35487;0
Самолет ао;D;20220222;000000;4111.5;4355;3400;3880;136419;0
Самолет ао;D;20220224;000000;3690;3700;2336;2336;16758;0
Самолет ао;D;20220225;000000;2488;2807;2336;2597.5;48105;0
Самолет ао;D;20220328;000000;2597.5;2597.5;1900;1930;29166;0
Самолет ао;D;20220329;000000;2048;2332;1916;2150;121226;0
Самолет ао;D;20220330;000000;2364;2582;2150;2436;68717;0
Самолет ао;D;20220331;000000;2580;3390;2455;3179.5;249913;0
Самолет ао;D;20220401;000000;3250;3500;3061;3149.5;130052;0
Самолет ао;D;20220404;000000;3220;3349.5;2910;2960;65895;0
Самолет ао;D;20220405;000000;3050;3079;2602;2760;84330;0
Самолет ао;D;20220406;000000;2760;2865;2610;2680;36013;0
Самолет ао;D;20220407;000000;2713;2839;2657;2715.5;54374;0
Самолет ао;D;20220408;000000;2729;2800;2450;2660.5;36583;0
Самолет ао;D;20220411;000000;2660;2774.5;2552;2600;37549;0
Самолет ао;D;20220412;000000;2600;2601.5;2376.5;2412;58664;0
Самолет ао;D;20220413;000000;2430;2463;2381;2414;19622;0
Самолет ао;D;20220414;000000;2440;2440;2221;2250;28692;0
Самолет ао;D;20220415;000000;2250;2465;2150.5;2315.5;55711;0
Самолет ао;D;20220418;000000;2377;2377;2200.5;2202;29300;0
Самолет ао;D;20220419;000000;2203.5;2203.5;2019;2120.5;34313;0
Самолет ао;D;20220420;000000;2120.5;2375.5;2080;2232;53206;0
Самолет ао;D;20220421;000000;2235;2882;2235;2793;134814;0
Самолет ао;D;20220422;000000;2793;2916;2371;2400;102517;0
Самолет ао;D;20220425;000000;2400;2680;2202;2428;94510;0
Самолет ао;D;20220426;000000;2496.5;2656;2430;2499.5;56541;0
Самолет ао;D;20220427;000000;2595;2596.5;2401.5;2560;40193;0
Самолет ао;D;20220428;000000;2587;2650;2453;2515;50632;0
Самолет ао;D;20220429;000000;2549.5;2750;2502.5;2636;67128;0
Самолет ао;D;20220504;000000;2656;2781;2518.5;2538.5;39196;0
Самолет ао;D;20220505;000000;2538.5;2650;2450;2482;25536;0
Самолет ао;D;20220506;000000;2462;2482;2400;2424.5;16287;0
Самолет ао;D;20220511;000000;2475;2508;2358.5;2493;20227;0
Самолет ао;D;20220512;000000;2490;2490;2251.5;2343;18671;0
Самолет ао;D;20220513;000000;2345;2480;2300;2406.5;21915;0
Самолет ао;D;20220516;000000;2406.5;2473;2375;2393;28093;0
Самолет ао;D;20220517;000000;2400;2410;2350;2380;20845;0
Самолет ао;D;20220518;000000;2394;2479;2370.5;2424.5;92770;0
Самолет ао;D;20220519;000000;2442.5;2442.5;2325.5;2368;22105;0
Самолет ао;D;20220520;000000;2368;2392;2280;2310;16212;0
Самолет ао;D;20220523;000000;2304;2380;2256;2333;25680;0
Самолет ао;D;20220524;000000;2389;2469;2272.5;2343.5;83898;0
Самолет ао;D;20220525;000000;2370;2400;2345.5;2380;29240;0
Самолет ао;D;20220526;000000;2400;2466.5;2345;2360;166403;0
Самолет ао;D;20220527;000000;2367.5;2410;2360.5;2368;61452;0
Самолет ао;D;20220530;000000;2370;2416.5;2309;2328;34043;0
Самолет ао;D;20220531;000000;2320;2328;2202;2220;52340;0
Самолет ао;D;20220601;000000;2220;2249;2200;2205;24305;0
Самолет ао;D;20220602;000000;2220;2226.5;2136;2147.5;20182;0
Самолет ао;D;20220603;000000;2133;2140.5;1922.5;2056.5;50354;0
Самолет ао;D;20220606;000000;2100;2206.5;2025;2191;35472;0
Самолет ао;D;20220607;000000;2204;2377;2201.5;2355;89968;0
Самолет ао;D;20220608;000000;2361.5;2440;2250;2264.5;104061;0
Самолет ао;D;20220609;000000;2292;2410;2250.5;2380;62020;0
Самолет ао;D;20220610;000000;2400;2480;2272;2300;149999;0
Самолет ао;D;20220614;000000;2295;2415;2265.5;2287;30348;0
Самолет ао;D;20220615;000000;2294;2325;2264.5;2298.5;28532;0
Самолет ао;D;20220616;000000;2309;2340;2262;2302;35426;0
Самолет ао;D;20220617;000000;2319;2399;2274;2318;98249;0
Самолет ао;D;20220620;000000;2340;2389.5;2325;2352;61364;0
Самолет ао;D;20220621;000000;2373;2541;2352;2440;231206;0
Самолет ао;D;20220622;000000;2446;2500;2375;2417;125790;0
Самолет ао;D;20220623;000000;2418;2557;2352;2516;204200;0
Самолет ао;D;20220624;000000;2560;2822;2525;2690;361494;0
Самолет ао;D;20220627;000000;2769.5;2919;2690;2842;251273;0
Самолет ао;D;20220628;000000;2895;2989;2671;2814;402170;0
Самолет ао;D;20220629;000000;2816;2833.5;2561;2617;134545;0
Самолет ао;D;20220630;000000;2617;2760;2435;2655;172444;0
Самолет ао;D;20220701;000000;2660;2837;2610.5;2798;184378;0
Самолет ао;D;20220704;000000;2830;2838;2705;2739.5;57365;0
Самолет ао;D;20220705;000000;2768;2768;2611;2721;49864;0
Самолет ао;D;20220706;000000;2720;2744.5;2700;2714;27653;0
Самолет ао;D;20220707;000000;2714.5;2757;2650;2650;27489;0
Самолет ао;D;20220708;000000;2678;2709;2610;2695;24220;0
Самолет ао;D;20220711;000000;2641.5;2690;2556.5;2571;39914;0
Самолет ао;D;20220712;000000;2570;2589.5;2470;2520.5;43845;0
Самолет ао;D;20220713;000000;2570;2726;2528.5;2572;100275;0
Самолет ао;D;20220714;000000;2599.5;2666.5;2587.5;2645;37411;0
Самолет ао;D;20220715;000000;2650;2705;2650;2677;42840;0
Самолет ао;D;20220718;000000;2678;2800;2677;2764.5;56091;0
Самолет ао;D;20220719;000000;2819;2819;2642.5;2723;43682;0
Самолет ао;D;20220720;000000;2758.5;2790;2704;2762;40772;0
Самолет ао;D;20220721;000000;2765;2882;2664;2882;114868;0
Самолет ао;D;20220722;000000;2889.5;2970;2808;2835.5;200932;0
Самолет ао;D;20220725;000000;2940;3070;2880;2950;154690;0
Самолет ао;D;20220726;000000;2990;3049;2850;2886.5;161027;0
Самолет ао;D;20220727;000000;2907;2934.5;2830;2861;59844;0
Самолет ао;D;20220728;000000;2861;2896.5;2768;2830;52865;0
Самолет ао;D;20220729;000000;2830.5;2877;2817.5;2856.5;27964;0
Самолет ао;D;20220801;000000;2858;2867.5;2781;2782;39926;0
Самолет ао;D;20220802;000000;2785;2800;2700;2700;44677;0
Самолет ао;D;20220803;000000;2713;2760;2685;2711.5;29709;0
Самолет ао;D;20220804;000000;2713;2785;2680;2740;25905;0
Самолет ао;D;20220805;000000;2743;2762;2577;2650;93502;0
Самолет ао;D;20220808;000000;2716;2845;2716;2813.5;108389;0
Самолет ао;D;20220809;000000;2845;2845;2751.5;2789;42239;0
Самолет ао;D;20220810;000000;2789;2805;2750;2780;46786;0
Самолет ао;D;20220811;000000;2780;2820;2746.5;2754;33897;0
Самолет ао;D;20220812;000000;2754;2825;2705;2777;34379;0
Самолет ао;D;20220815;000000;2781;2832.5;2715;2800;33945;0
Самолет ао;D;20220816;000000;2825;2836.5;2800;2820;31085;0
Самолет ао;D;20220817;000000;2840;2868;2800;2817.5;41975;0
Самолет ао;D;20220818;000000;2817.5;2910;2803;2855;54700;0
Самолет ао;D;20220819;000000;2865;2874;2820;2842;20799;0
Самолет ао;D;20220822;000000;2845;2900;2842;2874.5;41467;0
Самолет ао;D;20220823;000000;2868.5;2917.5;2845;2894;37967;0
Самолет ао;D;20220824;000000;2910;2910;2850.5;2878.5;27122;0
Самолет ао;D;20220825;000000;2897;2975;2868.5;2945;73943;0
Самолет ао;D;20220826;000000;2945;2988;2908;2935;47014;0
Самолет ао;D;20220829;000000;2972;3077.5;2931;3043.5;152334;0
Самолет ао;D;20220830;000000;3100;3100;2965;2969;99079;0
Самолет ао;D;20220831;000000;2920;3030;2882;3003;118299;0
Самолет ао;D;20220901;000000;3023;3167.5;2980.5;3100;167416;0
Самолет ао;D;20220902;000000;3120;3195;3102;3130;94181;0
Самолет ао;D;20220905;000000;3170;3189.5;3139.5;3163;51583;0
Самолет ао;D;20220906;000000;3140;3177;3030.5;3092.5;85248;0
Самолет ао;D;20220907;000000;3095;3139;3051;3094.5;45442;0
Самолет ао;D;20220908;000000;3147;3147;3064.5;3102;32334;0
Самолет ао;D;20220909;000000;3100;3207;3084.5;3174;50136;0
Самолет ао;D;20220912;000000;3211;3292;3182;3253.5;119637;0
Самолет ао;D;20220913;000000;3300;3327;3195.5;3214.5;143110;0
Самолет ао;D;20220914;000000;3214;3214;3121.5;3185.5;64269;0
Самолет ао;D;20220915;000000;3200;3230;3167;3219;50104;0
Самолет ао;D;20220916;000000;3235;3274.5;3081.5;3118.5;110987;0
Самолет ао;D;20220919;000000;3117;3118;2954;2989.5;148049;0
Самолет ао;D;20220920;000000;2989.5;2989.5;2500.5;2560;283929;0
Самолет ао;D;20220921;000000;2304;2759.5;2040;2640;195427;0
Самолет ао;D;20220922;000000;2669;2810;2600;2644;81040;0
Самолет ао;D;20220923;000000;2639;2639;2430;2453;73615;0
Самолет ао;D;20220926;000000;2398;2399;2100;2200;124213;0
Самолет ао;D;20220927;000000;2279.5;2280;2102;2219.5;68760;0
Самолет ао;D;20220928;000000;2237;2249;2102;2115;52861;0
Самолет ао;D;20220929;000000;2125;2200;1965;1976;85516;0
Самолет ао;D;20220930;000000;2090;2180;1850.5;2090.5;293465;0
Самолет ао;D;20221003;000000;2105;2368;2105;2170.5;399297;0
Самолет ао;D;20221004;000000;2186;2303.5;2030;2100;327265;0
Самолет ао;D;20221005;000000;2100;2133.5;1920;2019;602503;0
Самолет ао;D;20221006;000000;2045;2065;1985.5;2011;168665;0
Самолет ао;D;20221007;000000;2028;2028;1931.5;1949;143053;0
Самолет ао;D;20221010;000000;1873;1997;1770.5;1988.5;153961;0
Самолет ао;D;20221011;000000;1982;2062.5;1952.5;2021.5;78160;0
Самолет ао;D;20221012;000000;2039;2164;2022;2124;180058;0
Самолет ао;D;20221013;000000;2130;2165;2021.5;2107;95703;0
Самолет ао;D;20221014;000000;2120;2141.5;2056.5;2080;94315;0
Самолет ао;D;20221017;000000;2081;2286;2081;2281.5;225463;0
Самолет ао;D;20221018;000000;2310;2417;2290;2378;352613;0
Самолет ао;D;20221019;000000;2337;2363.5;2222.5;2290;221963;0
Самолет ао;D;20221020;000000;2302;2366.5;2225;2276.5;132675;0
Самолет ао;D;20221021;000000;2276.5;2289.5;2202.5;2253;88102;0
Самолет ао;D;20221024;000000;2344;2360;2272;2295;120757;0
Самолет ао;D;20221025;000000;2328;2381;2291.5;2330;152639;0
Самолет ао;D;20221026;000000;2335;2345;2266.5;2317;67889;0
Самолет ао;D;20221027;000000;2330;2468;2308.5;2437;317997;0
Самолет ао;D;20221028;000000;2437;2515;2341.5;2475;229772;0
Самолет ао;D;20221031;000000;2495;2540;2466;2510;112557;0
Самолет ао;D;20221101;000000;2515;2579.5;2515;2537.5;105981;0
Самолет ао;D;20221102;000000;2541;2560;2469;2502.5;135249;0
Самолет ао;D;20221103;000000;2470;2512.5;2431;2467;83290;0
Самолет ао;D;20221107;000000;2485;2549;2450;2509.5;93666;0
Самолет ао;D;20221108;000000;2536;2536;2480;2494.5;48987;0
Самолет ао;D;20221109;000000;2490;2509.5;2425.5;2471.5;75081;0
Самолет ао;D;20221110;000000;2451.5;2508;2418;2505.5;39811;0
Самолет ао;D;20221111;000000;2510;2520;2483;2490;27458;0
Самолет ао;D;20221114;000000;2488;2573;2447;2555;138675;0
Самолет ао;D;20221115;000000;2570.5;2683.5;2565;2636;212093;0
Самолет ао;D;20221116;000000;2570;2655.5;2550.5;2578;191384;0
Самолет ао;D;20221117;000000;2589.5;2589.5;2505;2525;115288;0
Самолет ао;D;20221118;000000;2520;2520;2480;2490.5;50272;0
Самолет ао;D;20221121;000000;2486;2490.5;2419;2420;59746;0
Самолет ао;D;20221122;000000;2441;2522;2430;2482;113593;0
Самолет ао;D;20221123;000000;2500;2529;2481;2493;76022;0
Самолет ао;D;20221124;000000;2505.5;2508;2456.5;2468;29476;0
Самолет ао;D;20221125;000000;2474.5;2488.5;2440;2480;25981;0
Самолет ао;D;20221128;000000;2468;2487;2430;2459.5;31775;0
Самолет ао;D;20221129;000000;2474;2474;2350;2418;68399;0
Самолет ао;D;20221130;000000;2444;2449.5;2400;2431.5;33638;0
Самолет ао;D;20221201;000000;2444.5;2456;2406.5;2440.5;28374;0
Самолет ао;D;20221202;000000;2454;2454;2399.5;2420;41387;0
Самолет ао;D;20221205;000000;2405;2447.5;2372.5;2399.5;48706;0
Самолет ао;D;20221206;000000;2400;2430;2376;2411;35935;0
Самолет ао;D;20221207;000000;2372.5;2389.5;2350;2366.5;42880;0
Самолет ао;D;20221208;000000;2367;2374;2340.5;2344;34169;0
Самолет ао;D;20221209;000000;2344;2447.5;2291.5;2425;120529;0
Самолет ао;D;20221212;000000;2425;2485;2381;2385;90932;0
Самолет ао;D;20221213;000000;2386;2461;2386;2420;74759;0
Самолет ао;D;20221214;000000;2420;2427;2381.5;2395;24502;0
Самолет ао;D;20221215;000000;2396;2512;2320;2484;216198;0
Самолет ао;D;20221216;000000;2520;2549;2407;2486.5;112137;0
Самолет ао;D;20221219;000000;2520;2520;2380;2382;145079;0
Самолет ао;D;20221220;000000;2381.5;2442;2360;2401;43315;0
Самолет ао;D;20221221;000000;2421;2435.5;2355;2366.5;50398;0
Самолет ао;D;20221222;000000;2382;2462;2335;2423;111740;0
Самолет ао;D;20221223;000000;2423.5;2454.5;2402;2414;24152;0
Самолет ао;D;20221226;000000;2420;2448.5;2406;2423;29893;0
Самолет ао;D;20221227;000000;2430;2440;2410;2420;17575;0
Самолет ао;D;20221228;000000;2429.5;2429.5;2403;2424;22397;0
Самолет ао;D;20221229;000000;2424;2465;2409;2420;35986;0
Самолет ао;D;20221230;000000;2419.5;2428;2414;2415.5;20681;0
Самолет ао;D;20230104;000000;2424;2440.5;2416;2428;16238;0
Самолет ао;D;20230105;000000;2420;2447.5;2275;2397.5;48917;0
Самолет ао;D;20230106;000000;2424;2424;2390;2390;15080;0
Самолет ао;D;20230109;000000;2390;2415;2387;2395;16788;0
Самолет ао;D;20230110;000000;2399;2406.5;2373;2406.5;20109;0
Самолет ао;D;20230111;000000;2409.5;2496;2409.5;2496;93227;0
Самолет ао;D;20230112;000000;2497;2567;2495;2536.5;148524;0
Самолет ао;D;20230113;000000;2536.5;2541;2477;2541;52424;0
Самолет ао;D;20230116;000000;2539;2554;2522;2532;52176;0
Самолет ао;D;20230117;000000;2532;2538.5;2485;2509;42532;0
Самолет ао;D;20230118;000000;2500;2511;2447;2496;46001;0
Самолет ао;D;20230119;000000;2510;2510;2468.5;2469;32995;0
Самолет ао;D;20230120;000000;2470;2472.5;2439;2457;21070;0
Самолет ао;D;20230123;000000;2455;2475.5;2455;2461.5;17376;0
Самолет ао;D;20230124;000000;2470;2505;2450;2495;42423;0
Самолет ао;D;20230125;000000;2494;2538;2479.5;2509;41822;0
Самолет ао;D;20230126;000000;2505;2536;2499.5;2509;36522;0
Самолет ао;D;20230127;000000;2509;2530;2509;2524.5;32026;0
Самолет ао;D;20230130;000000;2531;2531;2506.5;2526.5;24112;0
Самолет ао;D;20230131;000000;2529;2653;2496;2623;178492;0
Самолет ао;D;20230201;000000;2644;2675.5;2563.5;2563.5;101143;0
Самолет ао;D;20230202;000000;2586;2631.5;2575;2602;48465;0
Самолет ао;D;20230203;000000;2582;2600;2545.5;2579;37197;0
Самолет ао;D;20230206;000000;2578;2624;2565.5;2611.5;46507;0
Самолет ао;D;20230207;000000;2625.5;2633;2590;2612.5;32872;0
Самолет ао;D;20230208;000000;2612.5;2619;2576.5;2595.5;38201;0
Самолет ао;D;20230209;000000;2617;2621.5;2585;2605;25063;0
Самолет ао;D;20230210;000000;2752;2752;2629;2675.5;299868;0
Самолет ао;D;20230213;000000;2704.5;2717.5;2690;2702;46774;0
Самолет ао;D;20230214;000000;2705;2708;2634.5;2670;67483;0
Самолет ао;D;20230215;000000;2670;2670;2510;2539.5;75596;0
Самолет ао;D;20230216;000000;2539.5;2612.5;2526;2553.5;69271;0
Самолет ао;D;20230217;000000;2554;2603.5;2540;2555;52530;0
Самолет ао;D;20230220;000000;2560;2567;2463;2524;84904;0
Самолет ао;D;20230221;000000;2526;2694.5;2500.5;2553;336074;0
Самолет ао;D;20230222;000000;2575;2575;2524;2529.5;51995;0
Самолет ао;D;20230224;000000;2531.5;2578;2529.5;2549;41527;0
Самолет ао;D;20230227;000000;2540;2620;2532;2620;102968;0
Самолет ао;D;20230228;000000;2625;2629.5;2600;2606;53995;0
Самолет ао;D;20230301;000000;2617.5;2622.5;2578;2597.5;67904;0
Самолет ао;D;20230302;000000;2598.5;2602.5;2502.5;2543;126998;0
Самолет ао;D;20230303;000000;2577;2579;2517;2546;62546;0
Самолет ао;D;20230306;000000;2558;2580;2550.5;2567;44275;0
Самолет ао;D;20230307;000000;2574;2574.5;2554;2565;42294;0
Самолет ао;D;20230309;000000;2563.5;2580;2541.5;2548.5;55791;0
Самолет ао;D;20230310;000000;2521;2546;2507.5;2535.5;34337;0
Самолет ао;D;20230313;000000;2536;2575.5;2505;2526;87649;0
Самолет ао;D;20230314;000000;2520;2525;2503;2514.5;56942;0
Самолет ао;D;20230315;000000;2510;2526;2470.5;2495;90552;0
Самолет ао;D;20230316;000000;2496;2510.5;2450.5;2495.5;48824;0
Самолет ао;D;20230317;000000;2475;2520;2470;2484.5;98876;0
Самолет ао;D;20230320;000000;2485;2522;2473;2511.5;99739;0
Самолет ао;D;20230321;000000;2511.5;2520;2485;2502;89934;0
Самолет ао;D;20230322;000000;2510;2511.5;2477;2483;42932;0
Самолет ао;D;20230323;000000;2486;2502;2475;2490;62005;0
Самолет ао;D;20230324;000000;2490;2564;2423;2452;362432;0
Самолет ао;D;20230327;000000;2434;2604;2426;2568.5;528838;0
Самолет ао;D;20230328;000000;2583;2583;2514.5;2553.5;131635;0
Самолет ао;D;20230329;000000;2560;2645;2551.5;2620.5;363473;0
Самолет ао;D;20230330;000000;2642;2677;2596.5;2659.5;268173;0
Самолет ао;D;20230331;000000;2668;2687.5;2566.5;2610.5;202978;0
Самолет ао;D;20230403;000000;2620;2628;2556;2594.5;137087;0
Самолет ао;D;20230404;000000;2619.5;2619.5;2560;2580;94814;0
Самолет ао;D;20230405;000000;2557;2600;2533.5;2593.5;116552;0
Самолет ао;D;20230406;000000;2593;2673.5;2570.5;2631.5;203543;0
Самолет ао;D;20230407;000000;2640.5;2674;2602.5;2623;169365;0
Самолет ао;D;20230410;000000;2648.5;2649.5;2610;2636.5;90882;0
Самолет ао;D;20230411;000000;2647;2659.5;2542;2582;242096;0
Самолет ао;D;20230412;000000;2617.5;2617.5;2581.5;2598;61376;0
Самолет ао;D;20230413;000000;2607.5;2608;2565;2581;63780;0
Самолет ао;D;20230414;000000;2576.5;2593.5;2570;2581.5;40701;0
Самолет ао;D;20230417;000000;2595;2620;2577.5;2613.5;79460;0
Самолет ао;D;20230418;000000;2625;2625;2581;2613;94392;0
Самолет ао;D;20230419;000000;2613;2613;2568.5;2597;82008;0
Самолет ао;D;20230420;000000;2590;2610;2550.5;2587;84072;0
Самолет ао;D;20230421;000000;2587;2602.5;2567;2577;53016;0
Самолет ао;D;20230424;000000;2586;2666;2578;2660;237647;0
Самолет ао;D;20230425;000000;2668;2778;2660;2768.5;806955;0
Самолет ао;D;20230426;000000;2779.5;2850;2712.5;2765;413531;0
Самолет ао;D;20230427;000000;2769;2783.5;2687.5;2752;300158;0
Самолет ао;D;20230428;000000;2889;2889;2705;2723.5;804471;0
Самолет ао;D;20230502;000000;2728;2755;2570;2613.5;326295;0
Самолет ао;D;20230503;000000;2613;2623.5;2481;2506.5;716662;0
Самолет ао;D;20230504;000000;2500.5;2555;2493;2533;187675;0
Самолет ао;D;20230505;000000;2528;2542;2471.5;2485.5;186685;0
Самолет ао;D;20230508;000000;2488;2512.5;2474;2493.5;50404;0
Самолет ао;D;20230510;000000;2492.5;2578.5;2490;2574;275847;0
Самолет ао;D;20230511;000000;2574;2610.5;2450;2531;361424;0
Самолет ао;D;20230512;000000;2556;2561;2509;2542;86629;0
Самолет ао;D;20230515;000000;2559;2589.5;2554.5;2589;177309;0
Самолет ао;D;20230516;000000;2595;2612.5;2556.5;2583;107006;0
Самолет ао;D;20230517;000000;2583;2631.5;2568.5;2628;147816;0
Самолет ао;D;20230518;000000;2639.5;2670;2590;2662;200484;0
Самолет ао;D;20230519;000000;2662;2673.5;2595.5;2612;190266;0
Самолет ао;D;20230522;000000;2622;2631.5;2552;2601;105355;0
Самолет ао;D;20230523;000000;2610;2627.5;2580;2608;95959;0
Самолет ао;D;20230524;000000;2622;2703;2550;2675;329691;0
Самолет ао;D;20230525;000000;2689.5;2696;2618;2649;164100;0
Самолет ао;D;20230526;000000;2655;2742.5;2619;2737.5;379462;0
Самолет ао;D;20230529;000000;2975.5;3100;2892.5;3049;1981102;0
Самолет ао;D;20230530;000000;3001.5;3193;2970.5;3082.5;1484392;0
Самолет ао;D;20230531;000000;3108.5;3125;3010;3033.5;566321;0
Самолет ао;D;20230601;000000;3040;3061;3013;3027;262845;0
Самолет ао;D;20230602;000000;3040.5;3088;3023.5;3070.5;272047;0
Самолет ао;D;20230605;000000;3100;3100;2902;2942.5;506447;0
Самолет ао;D;20230606;000000;2950.5;3000;2860;2981.5;413061;0
Самолет ао;D;20230607;000000;2990;3096.5;2968.5;3043.5;492346;0
Самолет ао;D;20230608;000000;2910;3055;2908;3029;543762;0
Самолет ао;D;20230609;000000;3040;3043.5;2977.5;2996.5;156837;0
Самолет ао;D;20230613;000000;3017.5;3092.5;3011;3085;188701;0
Самолет ао;D;20230614;000000;3097;3126.5;3065;3095;221632;0
Самолет ао;D;20230615;000000;3106;3121;3071.5;3120;164081;0
Самолет ао;D;20230616;000000;3130;3134.5;3084.5;3101;179607;0
Самолет ао;D;20230619;000000;3110;3120;3028;3106;204740;0
Самолет ао;D;20230620;000000;3250;3312;3170;3295;1609760;0
Самолет ао;D;20230621;000000;3304;3346.5;3273;3290;602301;0
Самолет ао;D;20230622;000000;3285;3299;3202.5;3220;335466;0
Самолет ао;D;20230623;000000;3202;3226.5;3075;3090;489870;0
Самолет ао;D;20230626;000000;3173;3223.5;2991;3117.5;560296;0
Самолет ао;D;20230627;000000;3120;3133.5;3054;3116.5;286517;0
Самолет ао;D;20230628;000000;3120;3127;3070.5;3092;164085;0
Самолет ао;D;20230629;000000;3096;3137;3078;3099;151716;0
Самолет ао;D;20230630;000000;3093;3112.5;3064.5;3079;121524;0
Самолет ао;D;20230703;000000;3110;3110;3059;3061;137659;0
Самолет ао;D;20230704;000000;3061;3065.5;3005.5;3019;183226;0
Самолет ао;D;20230705;000000;3029;3050;3012.5;3050;92564;0
Самолет ао;D;20230706;000000;3055;3078.5;3030;3037.5;91208;0
Самолет ао;D;20230707;000000;3030;3067.5;3027.5;3056.5;103475;0
Самолет ао;D;20230710;000000;3080;3125;3051.5;3107.5;182772;0
Самолет ао;D;20230711;000000;3108;3280;3080.5;3255;592199;0
Самолет ао;D;20230712;000000;3260;3330;3222.5;3294.5;553891;0
Самолет ао;D;20230713;000000;3317;3317;3250.5;3267.5;209079;0
Самолет ао;D;20230714;000000;3268;3313;3240;3297;189191;0
Самолет ао;D;20230717;000000;3279;3484;3252;3480;912050;0
Самолет ао;D;20230718;000000;3520;3619.5;3490;3592.5;1068684;0
Самолет ао;D;20230719;000000;3601;3625.5;3521;3548;466860;0
Самолет ао;D;20230720;000000;3548;3557.5;3416;3430;503002;0
Самолет ао;D;20230721;000000;3434;3599.5;3410.5;3598;575506;0
Самолет ао;D;20230724;000000;3630;3695;3614;3695;417886;0
Самолет ао;D;20230725;000000;3706.5;3723.5;3665;3678;343516;0
Самолет ао;D;20230726;000000;3678;3678;3591;3641.5;318603;0
Самолет ао;D;20230727;000000;3640;3695;3634;3693.5;184055;0
Самолет ао;D;20230728;000000;3700;3735;3643.5;3687;526941;0
Самолет ао;D;20230731;000000;3720;3730;3642;3703.5;306947;0
Самолет ао;D;20230801;000000;3719;3844;3679;3803.5;753909;0
Самолет ао;D;20230802;000000;3804;3838;3760.5;3795;343318;0
Самолет ао;D;20230803;000000;3795;3809;3750;3791.5;199261;0
Самолет ао;D;20230804;000000;3790;3837.5;3408;3710;679287;0
Самолет ао;D;20230807;000000;3715;3774;3645.5;3683;230628;0
Самолет ао;D;20230808;000000;3675;3698.5;3564;3698.5;327395;0
Самолет ао;D;20230809;000000;3710;3715;3613;3670;176436;0
Самолет ао;D;20230810;000000;3683.5;3684.5;3630;3660;114043;0
Самолет ао;D;20230811;000000;3660;3760;3621.5;3735.5;212448;0
Самолет ао;D;20230814;000000;3759;3775;3580;3645;643310;0
Самолет ао;D;20230815;000000;3642;3698.5;3604.5;3628;350006;0
Самолет ао;D;20230816;000000;3627;3655;3424;3550;458787;0
Самолет ао;D;20230817;000000;3598;3620;3484.5;3577;156129;0
Самолет ао;D;20230818;000000;3563.5;3693;3535;3657.5;263218;0
Самолет ао;D;20230821;000000;3678.5;3684.5;3559;3620.5;360906;0
Самолет ао;D;20230822;000000;3625;3837.5;3600;3812;721070;0
Самолет ао;D;20230823;000000;3842;3869.5;3662;3700;602609;0
Самолет ао;D;20230824;000000;3709.5;3789;3709;3780;188466;0
Самолет ао;D;20230825;000000;3783;3845;3740.5;3813;212838;0
Самолет ао;D;20230828;000000;3855;3896;3824.5;3863;321889;0
Самолет ао;D;20230829;000000;3880;3880;3690;3847;435723;0
Самолет ао;D;20230830;000000;3859.5;3859.5;3798.5;3816;172823;0
Самолет ао;D;20230831;000000;3820;3822.5;3800;3805;150320;0
Самолет ао;D;20230901;000000;3814.5;3820;3800;3805;121837;0
Самолет ао;D;20230904;000000;3807.5;3913;3807.5;3897;349601;0
Самолет ао;D;20230905;000000;3874.5;3934;3823;3876;293894;0
Самолет ао;D;20230906;000000;3881.5;3899;3824;3848.5;170004;0
Самолет ао;D;20230907;000000;3848.5;3882.5;3717;3805.5;294758;0
Самолет ао;D;20230908;000000;3800;3880;3638.5;3843.5;498258;0
Самолет ао;D;20230911;000000;3861;3884;3751;3775;266930;0
Самолет ао;D;20230912;000000;3803;3838;3775;3816;130120;0
Самолет ао;D;20230913;000000;3809;3825;3760;3764.5;113688;0
Самолет ао;D;20230914;000000;3760;3793.5;3630.5;3725.5;191125;0
Самолет ао;D;20230915;000000;3710;3775;3671;3745;170882;0
Самолет ао;D;20230918;000000;3750;3798.5;3735.5;3751.5;153079;0
Самолет ао;D;20230919;000000;3746;3764;3655;3660;140849;0
Самолет ао;D;20230920;000000;3660;3719.5;3553;3708.5;202334;0
Самолет ао;D;20230921;000000;3695;3700;3623;3656;155076;0
Самолет ао;D;20230922;000000;3660;3745;3602.5;3732;150332;0
Самолет ао;D;20230925;000000;3736.5;3789;3695.5;3765;166497;0
Самолет ао;D;20230926;000000;3758;3758;3650;3721;128863;0
Самолет ао;D;20230927;000000;3725;3758;3717.5;3745;67349;0
Самолет ао;D;20230928;000000;3749.5;3834.5;3727;3816.5;119139;0
Самолет ао;D;20230929;000000;3829.5;3848.5;3780;3845;133865;0
Самолет ао;D;20231002;000000;3846;3866.5;3792;3828.5;115918;0
Самолет ао;D;20231003;000000;3820;3853;3774;3837;138501;0
Самолет ао;D;20231004;000000;3829.5;3959.5;3829.5;3888.5;581044;0
Самолет ао;D;20231005;000000;3907.5;3947;3854;3921;220984;0
Самолет ао;D;20231006;000000;3949.5;3974;3902;3929.5;162652;0
Самолет ао;D;20231009;000000;3908;3929.5;3879.5;3899.5;93326;0
Самолет ао;D;20231010;000000;3905;3921;3880;3911;64841;0
Самолет ао;D;20231011;000000;3930;4018.5;3885;3930;536826;0
Самолет ао;D;20231012;000000;3886;3955;3885.5;3931;80448;0
Самолет ао;D;20231013;000000;3950;4005;3920;3988.5;171507;0
Самолет ао;D;20231016;000000;4034;4092;4001;4092;289080;0
Самолет ао;D;20231017;000000;4075;4123;4045.5;4095;193326;0
Самолет ао;D;20231018;000000;4096;4132.5;4054;4106.5;168320;0
Самолет ао;D;20231019;000000;4095;4122;4068;4086;107519;0
Самолет ао;D;20231020;000000;4086;4090.5;4020;4050;117800;0
Самолет ао;D;20231023;000000;4055;4120;3925;4078.5;159806;0
Самолет ао;D;20231024;000000;4087;4169;4061.5;4139.5;273305;0
Самолет ао;D;20231025;000000;4145;4159;4092;4145.5;167018;0
Самолет ао;D;20231026;000000;4183.5;4199;4041.5;4067;361041;0
Самолет ао;D;20231027;000000;4070;4073.5;3960;4009;342905;0
Самолет ао;D;20231030;000000;4009;4033;3940;3965;168245;0
Самолет ао;D;20231031;000000;3964;4013;3931.5;3960;149250;0
Самолет ао;D;20231101;000000;3959;4035;3930;4030.5;197070;0
Самолет ао;D;20231102;000000;4030.5;4031.5;3941;3960;109495;0
Самолет ао;D;20231103;000000;3958;3964.5;3904;3942.5;116686;0
Самолет ао;D;20231106;000000;3942.5;3967;3926.5;3960;44424;0
Самолет ао;D;20231107;000000;3977;3977;3930;3962;48356;0
Самолет ао;D;20231108;000000;3974;3974.5;3919;3970;121851;0
Самолет ао;D;20231109;000000;3958.5;3970;3925;3949;104594;0
Самолет ао;D;20231110;000000;3948.5;3998;3910.5;3979;97616;0
Самолет ао;D;20231113;000000;3979;4052;3968;4035;209992;0
Самолет ао;D;20231114;000000;4020;4080;3940;3958.5;150155;0
Самолет ао;D;20231115;000000;3960;3979;3931;3949.5;66830;0
Самолет ао;D;20231116;000000;3949.5;3970;3920.5;3927;149358;0
Самолет ао;D;20231117;000000;3925;3970;3858.5;3949;149680;0
Самолет ао;D;20231120;000000;3950.5;3988;3930.5;3934.5;101198;0
Самолет ао;D;20231121;000000;3934.5;4012.5;3909;3976;112555;0
Самолет ао;D;20231122;000000;3984;4023.5;3943.5;4004;105520;0
Самолет ао;D;20231123;000000;4004;4060;3976.5;3980;139395;0
Самолет ао;D;20231124;000000;3980.5;4049;3971.5;3992.5;92564;0
Самолет ао;D;20231127;000000;3988;4007.5;3950;3971;60011;0
Самолет ао;D;20231128;000000;3968;3979;3950;3951.5;32769;0
Самолет ао;D;20231129;000000;3951.5;3969.5;3937;3942;44055;0
Самолет ао;D;20231130;000000;3956;3971.5;3921;3927;69363;0
Самолет ао;D;20231201;000000;3927;3953;3871;3890.5;68829;0
Самолет ао;D;20231204;000000;3891;3947;3826;3894.5;128379;0
Самолет ао;D;20231205;000000;3925.5;3961.5;3870;3899;80115;0
Самолет ао;D;20231206;000000;3900;3915;3784.5;3854.5;129634;0
Самолет ао;D;20231207;000000;3854.5;3890;3810;3850.5;95294;0
Самолет ао;D;20231208;000000;3855.5;3869;3833;3855;55730;0
Самолет ао;D;20231211;000000;3850.5;3863;3822;3848;132167;0
Самолет ао;D;20231212;000000;3849;3921.5;3836.5;3843.5;159305;0
Самолет ао;D;20231213;000000;3836;3864.5;3815;3851.5;82701;0
Самолет ао;D;20231214;000000;3855;3892;3751;3800;118550;0
Самолет ао;D;20231215;000000;3799.5;3973;3786.5;3912;135594;0
Самолет ао;D;20231218;000000;3912;3929;3876.5;3916;76180;0
Самолет ао;D;20231219;000000;3916;3920;3878;3893.5;36569;0
Самолет ао;D;20231220;000000;3893.5;3926;3849;3869;73627;0
Самолет ао;D;20231221;000000;3880;4031;3848;4010.5;135941;0
Самолет ао;D;20231222;000000;4010;4040.5;3976;3993.5;127732;0
Самолет ао;D;20231225;000000;3994;4010.5;3925;3954;75923;0
Самолет ао;D;20231226;000000;3931;3954.5;3893.5;3923.5;101294;0
Самолет ао;D;20231227;000000;3930.5;3939;3798;3808.5;107256;0
Самолет ао;D;20231228;000000;3801;3892.5;3682;3885.5;283721;0
Самолет ао;D;20231229;000000;3950;4034;3842;3849.5;303860;0
Самолет ао;D;20240103;000000;3851;3920;3842;3912;45692;0
Самолет ао;D;20240104;000000;3914.5;3917;3878;3903.5;16135;0
Самолет ао;D;20240105;000000;3910;3910;3875.5;3886;17285;0
Самолет ао;D;20240108;000000;3895;3917;3886;3904;30230;0
Самолет ао;D;20240109;000000;3904;4038;3892.5;3944;93507;0
Самолет ао;D;20240110;000000;3978.5;3978.5;3902.5;3926;77311;0
Самолет ао;D;20240111;000000;3926;3940;3843;3876;88034;0
Самолет ао;D;20240112;000000;3873;3900;3840;3844.5;87468;0
Самолет ао;D;20240115;000000;3847.5;3859;3812.5;3842;89293;0
Самолет ао;D;20240116;000000;3847;3859.5;3815;3854;45545;0
Самолет ао;D;20240117;000000;3858.5;3887;3837.5;3846.5;116575;0
Самолет ао;D;20240118;000000;3861;3861;3828.5;3834;38400;0
Самолет ао;D;20240119;000000;3829.5;3843.5;3810.5;3823;40610;0
Самолет ао;D;20240122;000000;3813;3847;3807;3832;40879;0
Самолет ао;D;20240123;000000;3832;3886;3812;3832.5;72422;0
Самолет ао;D;20240124;000000;3845.5;3845.5;3802;3819;42710;0
Самолет ао;D;20240125;000000;3818;3842.5;3795.5;3830;127521;0
Самолет ао;D;20240126;000000;3830;3856.5;3818;3829;55972;0
Самолет ао;D;20240129;000000;3844;3849;3802;3820;131946;0
Самолет ао;D;20240130;000000;3822.5;3822.5;3801;3814.5;63626;0
Самолет ао;D;20240131;000000;3820;3907.5;3802.5;3902;210770;0
Самолет ао;D;20240201;000000;3900;3901.5;3840.5;3874;268859;0
Самолет ао;D;20240202;000000;3876;3890;3700;3796;382865;0
Самолет ао;D;20240205;000000;3800;3809.5;3720;3753;257905;0
Самолет ао;D;20240206;000000;3753;3771.5;3730;3753.5;106402;0
Самолет ао;D;20240207;000000;3765;3835;3733.5;3786;205549;0
Самолет ао;D;20240208;000000;3803.5;3827;3709.5;3716;128725;0
Самолет ао;D;20240209;000000;3717;3774;3700;3738;204812;0
Самолет ао;D;20240212;000000;3738.5;3765;3720.5;3736;104698;0
Самолет ао;D;20240213;000000;3750;3755;3715.5;3741;66957;0
Самолет ао;D;20240214;000000;3748.5;3818;3746;3780.5;211592;0
Самолет ао;D;20240215;000000;3798.5;3798.5;3750;3779;127668;0
Самолет ао;D;20240216;000000;3780.5;3792.5;3630;3680.5;349467;0
Самолет ао;D;20240219;000000;3680;3704.5;3612;3620;175685;0
Самолет ао;D;20240220;000000;3615;3632;3504;3572;211695;0
Самолет ао;D;20240221;000000;3546;3599.5;3502;3569;169442;0
Самолет ао;D;20240222;000000;3569;3623;3538;3552.5;93361;0
Самолет ао;D;20240226;000000;3555;3698.5;3555;3698;125441;0
Самолет ао;D;20240227;000000;3698;3710;3560;3609;265027;0
Самолет ао;D;20240228;000000;3615;3664.5;3582;3599;157155;0
Самолет ао;D;20240229;000000;3599;3740.5;3595;3718;555711;0
Самолет ао;D;20240301;000000;3723;3726;3645.5;3683;225556;0
Самолет ао;D;20240304;000000;3701;3748;3690;3737;216778;0
Самолет ао;D;20240305;000000;3737.5;3748.5;3673.5;3701.5;145049;0
Самолет ао;D;20240306;000000;3701.5;3731;3676.5;3686.5;147032;0
Самолет ао;D;20240307;000000;3686.5;3693.5;3625.5;3651.5;150073;0
Самолет ао;D;20240311;000000;3653;3707;3637.5;3661;101525;0
Самолет ао;D;20240312;000000;3668;3668;3615.5;3651.5;72522;0
Самолет ао;D;20240313;000000;3650;3662;3620.5;3637;145282;0
Самолет ао;D;20240314;000000;3636;3663;3608.5;3612;112644;0
Самолет ао;D;20240315;000000;3608;3669;3575.5;3633.5;100879;0
Самолет ао;D;20240318;000000;3633.5;3648;3610;3623.5;59209;0
Самолет ао;D;20240319;000000;3620;3632;3555;3584;83795;0
Самолет ао;D;20240320;000000;3585.5;3596;3465.5;3510;158938;0
Самолет ао;D;20240321;000000;3510;3540;3470;3503;81989;0
Самолет ао;D;20240322;000000;3503.5;3510;3401.5;3453;136516;0
Самолет ао;D;20240325;000000;3453.5;3521;3440;3520.5;102749;0
Самолет ао;D;20240326;000000;3521;3548;3477;3497;84422;0
Самолет ао;D;20240327;000000;3511.5;3634;3505;3629;231370;0
Самолет ао;D;20240328;000000;3643;3649;3561.5;3594;107713;0
Самолет ао;D;20240329;000000;3601;3601;3550.5;3576.5;74318;0
Самолет ао;D;20240401;000000;3590;3640;3582.5;3624.5;113765;0
Самолет ао;D;20240402;000000;3639.5;3730;3629.5;3724.5;391142;0
Самолет ао;D;20240403;000000;3723.5;3738.5;3684;3691.5;201374;0
Самолет ао;D;20240404;000000;3699;3769.5;3651;3677;244430;0
Самолет ао;D;20240405;000000;3681;3718;3666;3686;108896;0
Самолет ао;D;20240408;000000;3720;3737;3686;3698.5;214877;0
Самолет ао;D;20240409;000000;3710;3715;3600;3639;255687;0
Самолет ао;D;20240410;000000;3650;3654.5;3593;3630.5;188246;0
Самолет ао;D;20240411;000000;3640.5;3651;3596;3620;149596;0
Самолет ао;D;20240412;000000;3620.5;3635;3573;3596.5;161158;0
Самолет ао;D;20240415;000000;3614;3677;3590;3670.5;519435;0
Самолет ао;D;20240416;000000;3670;3708.5;3650;3687.5;308768;0
Самолет ао;D;20240417;000000;3699;3819.5;3649;3780;689542;0
Самолет ао;D;20240418;000000;3781;3828.5;3721;3751.5;424243;0
Самолет ао;D;20240419;000000;3752.5;3788;3711;3785;205497;0
Самолет ао;D;20240422;000000;3800;3889;3773.5;3865;491161;0
Самолет ао;D;20240423;000000;3882;3882;3743;3748;291386;0
Самолет ао;D;20240424;000000;3750.5;3798.5;3720.5;3783;170633;0
Самолет ао;D;20240425;000000;3790;3807;3733.5;3756;112983;0
Самолет ао;D;20240426;000000;3800;3838;3745;3763.5;458920;0
Самолет ао;D;20240427;000000;3776.5;3780.5;3706;3713;170044;0
Самолет ао;D;20240429;000000;3714;3770;3711.5;3766;85681;0
Самолет ао;D;20240430;000000;3770;3778;3681;3709.5;141327;0
Самолет ао;D;20240502;000000;3709.5;3743;3692.5;3712;119666;0
Самолет ао;D;20240503;000000;3712.5;3723.5;3683.5;3691;91503;0
Самолет ао;D;20240506;000000;3692;3712.5;3612;3615;193181;0
Самолет ао;D;20240507;000000;3616;3690;3585;3678.5;417241;0
Самолет ао;D;20240508;000000;3691;3691;3551;3621;451118;0
Самолет ао;D;20240510;000000;3613;3637;3584;3628;87484;0
Самолет ао;D;20240513;000000;3628;3641.5;3573;3581;198932;0
Самолет ао;D;20240514;000000;3587;3614.5;3569;3604.5;91209;0
Самолет ао;D;20240515;000000;3612;3620;3569;3589;93144;0
Самолет ао;D;20240516;000000;3587;3589.5;3499;3502.5;283512;0
Самолет ао;D;20240517;000000;3502.5;3557;3455.5;3529;382100;0
Самолет ао;D;20240520;000000;3519;3532.5;3450;3518;270562;0
Самолет ао;D;20240521;000000;3518.5;3602.5;3474.5;3602.5;215607;0
Самолет ао;D;20240522;000000;3610;3645;3555;3612.5;347332;0
Самолет ао;D;20240523;000000;3619;3640;3531.5;3566;334926;0
Самолет ао;D;20240524;000000;3570;3579;3455;3493.5;310660;0
Самолет ао;D;20240527;000000;3500;3509;3320;3349;509330;0
Самолет ао;D;20240528;000000;3360.5;3437;3292;3307.5;200924;0
Самолет ао;D;20240529;000000;3319;3342;3202;3335;201058;0
Самолет ао;D;20240530;000000;3345;3381;3210;3230;141764;0
Самолет ао;D;20240531;000000;3225;3248;3031.5;3116;379359;0
Самолет ао;D;20240603;000000;3100;3170;2950;3145;468806;0
Самолет ао;D;20240604;000000;3150;3250;3058;3229;298358;0
Самолет ао;D;20240605;000000;3241.5;3299;3121;3170;332896;0
Самолет ао;D;20240606;000000;3147;3196.5;3126.5;3186;95625;0
Самолет ао;D;20240607;000000;3185;3498;3185;3331.5;418228;0
Самолет ао;D;20240610;000000;3351;3375;3202.5;3244.5;192451;0
Самолет ао;D;20240611;000000;3242;3256.5;3151.5;3189.5;147366;0
Самолет ао;D;20240613;000000;3001;3230;2954.5;3209;182423;0
Самолет ао;D;20240614;000000;3212;3238.5;3197;3220;135701;0
Самолет ао;D;20240617;000000;3229;3234.5;3136.5;3147;117429;0
Самолет ао;D;20240618;000000;3147;3162;3040;3055.5;154280;0
Самолет ао;D;20240619;000000;3055.5;3093.5;2958.5;3000.5;156594;0
Самолет ао;D;20240620;000000;3002;3082;2917.5;3080;217966;0
Самолет ао;D;20240621;000000;3092;3100;3030;3040.5;73679;0
Самолет ао;D;20240624;000000;3040.5;3074.5;2971;2988;89465;0
Самолет ао;D;20240625;000000;2988;3045;2935;3045;163680;0
Самолет ао;D;20240626;000000;3045;3071;3009;3018;99185;0
Самолет ао;D;20240627;000000;3017;3029;2983;3011.5;58887;0
Самолет ао;D;20240628;000000;3025;3090;3007;3045;144578;0
Самолет ао;D;20240701;000000;3089.5;3089.5;3031;3064.5;80571;0
Самолет ао;D;20240702;000000;3064.5;3135;3039.5;3096.5;167780;0
Самолет ао;D;20240703;000000;3097;3112;3020;3029.5;95120;0
Самолет ао;D;20240704;000000;3029.5;3056.5;2973.5;2976;90846;0
Самолет ао;D;20240705;000000;2962;3023;2924;3006.5;179645;0
Самолет ао;D;20240708;000000;3007.5;3019;2946.5;2976;122047;0
Самолет ао;D;20240709;000000;2976;2993.5;2844;2857;370043;0
Самолет ао;D;20240710;000000;2842.5;2865;2730;2747.5;413019;0
Самолет ао;D;20240711;000000;2750;2940;2747.5;2898.5;228568;0
Самолет ао;D;20240712;000000;2899;2913.5;2832.5;2867;87576;0
Самолет ао;D;20240715;000000;2867;2871;2768;2853;147998;0
Самолет ао;D;20240716;000000;2852.5;2872.5;2785.5;2858.5;119823;0
Самолет ао;D;20240717;000000;2861;2938;2839;2879.5;106179;0
Самолет ао;D;20240718;000000;2879.5;2929.5;2841;2899.5;78538;0
Самолет ао;D;20240719;000000;2899.5;2941.5;2859;2906.5;68800;0
Самолет ао;D;20240722;000000;2924.5;2966.5;2913;2941.5;79589;0
Самолет ао;D;20240723;000000;2934;2949;2873.5;2902.5;78523;0
Самолет ао;D;20240724;000000;2892;2977.5;2820;2929.5;144953;0
Самолет ао;D;20240725;000000;2933;2934.5;2881;2922.5;57233;0
Самолет ао;D;20240726;000000;2922.5;2952.5;2778.5;2809.5;219339;0
Самолет ао;D;20240729;000000;2799;2800;2710;2762.5;207511;0
Самолет ао;D;20240730;000000;2750;2814;2728;2787;85598;0
Самолет ао;D;20240731;000000;2780;2804.5;2744;2769;54775;0
Самолет ао;D;20240801;000000;2745.5;2793.5;2735;2738;70739;0
Самолет ао;D;20240802;000000;2730;2738;2635;2646.5;169455;0
Самолет ао;D;20240805;000000;2610;2632.5;2530.5;2552;220963;0
Самолет ао;D;20240806;000000;2566;2610;2551;2570.5;91713;0
Самолет ао;D;20240807;000000;2570.5;2666.5;2539.5;2633;140737;0
Самолет ао;D;20240808;000000;2637.5;2640;2563;2575.5;100853;0
Самолет ао;D;20240809;000000;2575;2614.5;2549;2603.5;83968;0
Самолет ао;D;20240812;000000;2603.5;2606.5;2540.5;2545.5;90838;0
Самолет ао;D;20240813;000000;2545;2610;2545;2609;93991;0
Самолет ао;D;20240814;000000;2605;2609.5;2562.5;2580;85575;0
Самолет ао;D;20240815;000000;2580;2586.5;2500.5;2506;134430;0
Самолет ао;D;20240816;000000;2505.5;2522;2445;2458;136208;0
Самолет ао;D;20240819;000000;2469;2483.5;2400;2417;218626;0
Самолет ао;D;20240820;000000;2418;2440;2347;2358.5;160749;0
Самолет ао;D;20240821;000000;2363.5;2462.5;2338.5;2414.5;240914;0
Самолет ао;D;20240822;000000;2418.5;2429;2303;2321.5;144315;0
Самолет ао;D;20240823;000000;2320;2327.5;2102;2197.5;549323;0
Самолет ао;D;20240826;000000;2270;2276.5;2222;2253.5;183001;0
Самолет ао;D;20240827;000000;2260;2267.5;2187;2190;126240;0
Самолет ао;D;20240828;000000;2181;2188.5;2030;2080;428309;0
Самолет ао;D;20240829;000000;2080;2089.5;1962;2039;780732;0
Самолет ао;D;20240830;000000;2037.5;2037.5;1913.5;1926.5;479613;0
Самолет ао;D;20240902;000000;1897;1897;1765;1765.5;796948;0
Самолет ао;D;20240903;000000;1765;1888.5;1751;1819.5;838528;0
Самолет ао;D;20240904;000000;1820;1977;1779.5;1947;632260;0
Самолет ао;D;20240905;000000;1951.5;2065;1921.5;1940;757006;0
Самолет ао;D;20240906;000000;1940;1990;1906;1958;388289;0
Самолет ао;D;20240909;000000;1972;2035;1936.5;2022.5;318281;0
Самолет ао;D;20240910;000000;2040;2043;1920;1938;453074;0
Самолет ао;D;20240911;000000;1946;1948;1805.5;1810;760276;0
Самолет ао;D;20240912;000000;1805;1810;1780;1808.5;626242;0
Самолет ао;D;20240913;000000;1800;1870;1720;1866;1398750;0
Самолет ао;D;20240916;000000;1890;1922;1845.5;1909;716678;0
Самолет ао;D;20240917;000000;1918.5;1918.5;1813.5;1844;837576;0
Самолет ао;D;20240918;000000;1844;1847;1790;1799;785159;0
Самолет ао;D;20240919;000000;1790;1835;1774;1810.5;621603;0
Самолет ао;D;20240920;000000;1814;1841;1805.5;1826;351332;0
Самолет ао;D;20240923;000000;1840;1889;1817.5;1885;568200;0
Самолет ао;D;20240924;000000;1910;1980;1880.5;1978;1314081;0
Самолет ао;D;20240925;000000;1965;1985;1872.5;1902.5;979542;0
Самолет ао;D;20240926;000000;1895.5;1938.5;1860.5;1914;569681;0
Самолет ао;D;20240927;000000;1928;1959;1909.5;1955;319820;0
Самолет ао;D;20240930;000000;1968;2013.5;1905.5;1909;619956;0
Самолет ао;D;20241001;000000;1906;1933.5;1872.5;1926;430098;0
Самолет ао;D;20241002;000000;1929.5;1943.5;1812.5;1846;513572;0
Самолет ао;D;20241003;000000;1845;1899.5;1830.5;1892.5;482626;0
Самолет ао;D;20241004;000000;1898.5;1917;1852.5;1876.5;261012;0
Самолет ао;D;20241007;000000;1871;1885;1828;1846.5;272698;0
Самолет ао;D;20241008;000000;1847.5;1848.5;1825;1826;155312;0
Самолет ао;D;20241009;000000;1826;1828;1805;1813.5;316469;0
Самолет ао;D;20241010;000000;1813;1857;1811.5;1819;306036;0
Самолет ао;D;20241011;000000;1819;1859;1810.5;1831;244269;0
Самолет ао;D;20241014;000000;1833.5;1867;1795.5;1856;467392;0
Самолет ао;D;20241015;000000;1856;1899;1844;1878.5;269402;0
Самолет ао;D;20241016;000000;1880;1908;1867;1884;230675;0
Самолет ао;D;20241017;000000;1884;1889.5;1832.5;1833;193012;0
Самолет ао;D;20241018;000000;1841;1860;1816;1848;185616;0
Самолет ао;D;20241021;000000;1858;1858;1811;1818.5;179838;0
Самолет ао;D;20241022;000000;1809;1840.5;1781;1783.5;288429;0
Самолет ао;D;20241023;000000;1780;1805.5;1735.5;1746;444445;0
Самолет ао;D;20241024;000000;1733;1763.5;1641;1671;1281000;0
Самолет ао;D;20241025;000000;1661;1687.5;1560;1592.5;2109989;0
Самолет ао;D;20241028;000000;1560.5;1570;1492;1513.5;1186048;0
Самолет ао;D;20241029;000000;1511;1529.5;1430;1494.5;2344924;0
Самолет ао;D;20241030;000000;1494;1499.5;1416.5;1417;1781446;0
Самолет ао;D;20241031;000000;1409;1427;1310;1336;2964042;0
Самолет ао;D;20241101;000000;1333;1408;1299;1381.5;5550373;0
Самолет ао;D;20241102;000000;1389;1445.5;1364.5;1438;1701546;0
Самолет ао;D;20241105;000000;1442;1447;1374.5;1400;2506382;0
Самолет ао;D;20241106;000000;1460;1478;1356.5;1369;3594263;0
Самолет ао;D;20241107;000000;1300;1313;1234.5;1271.5;6611650;0
Самолет ао;D;20241108;000000;1273;1328.5;1236.5;1325;4967558;0
Самолет ао;D;20241111;000000;1331;1347;1278.5;1320;3601487;0
Самолет ао;D;20241112;000000;1309;1364;1291;1338;3471745;0
Самолет ао;D;20241113;000000;1339.5;1412;1315;1321;5337638;0
Самолет ао;D;20241114;000000;1317;1355.5;1316;1343;2123957;0
Самолет ао;D;20241115;000000;1340.5;1371.5;1333;1365;1571034;0
Самолет ао;D;20241118;000000;1345;1409;1334;1363;3014524;0
Самолет ао;D;20241119;000000;1357.5;1369;1308.5;1336.5;1771624;0
Самолет ао;D;20241120;000000;1341.5;1358;1303.5;1322.5;1771528;0
Самолет ао;D;20241121;000000;1325;1329.5;1254;1297.5;1626029;0
Самолет ао;D;20241122;000000;1298;1303;1260;1276;851238;0
Самолет ао;D;20241125;000000;1264.5;1268;1152.5;1157.5;2425446;0
Самолет ао;D;20241126;000000;1152;1157;983.5;1001;9940934;0
Самолет ао;D;20241127;000000;994;1009;885.5;987;15836944;0
Самолет ао;D;20241128;000000;985;1038;922;984;9175067;0
Самолет ао;D;20241129;000000;968;1055;959.5;1017;8344371;0
Самолет ао;D;20241202;000000;1020;1052;984;997.5;3810128;0
Самолет ао;D;20241203;000000;996;1001;948.5;969.5;3852156;0
Самолет ао;D;20241204;000000;980;982.5;891.5;906;5187433;0
Самолет ао;D;20241205;000000;895.5;947;885;946;6788814;0
Самолет ао;D;20241206;000000;946;946;914.5;929;3009751;0
Самолет ао;D;20241209;000000;935;940.5;915;923.5;2054336;0
Самолет ао;D;20241210;000000;920;921;882;890.5;4357769;0
Самолет ао;D;20241211;000000;883.5;917.5;870.5;913;5188891;0
Самолет ао;D;20241212;000000;914;921;880;881;4787209;0
Самолет ао;D;20241213;000000;876.5;894.5;875;887;2075466;0
Самолет ао;D;20241216;000000;882;885.5;831.5;838;3650920;0
Самолет ао;D;20241217;000000;835;849;830;840.5;1884632;0
Самолет ао;D;20241218;000000;841.5;865;839.5;854.5;2027356;0
Самолет ао;D;20241219;000000;866;866;820.5;831;1984272;0
Самолет ао;D;20241220;000000;826;984.5;824.5;965;9317825;0
Самолет ао;D;20241223;000000;996.5;1070;968.5;993.5;9888984;0
Самолет ао;D;20241224;000000;1000;1000;935;938;4269307;0
Самолет ао;D;20241225;000000;926;971.5;905;956;5872547;0
Самолет ао;D;20241226;000000;961;1003.5;942;945;6037949;0
Самолет ао;D;20241227;000000;946;967;941.5;965;2178572;0
Самолет ао;D;20241228;000000;969;994.5;959.5;993;1936774;0
Самолет ао;D;20241230;000000;1008;1055;1006;1040;3846083;0
Самолет ао;D;20250103;000000;1051;1051;1002.5;1009.5;2170332;0
Самолет ао;D;20250106;000000;997;1001.5;982;986.5;1140485;0
Самолет ао;D;20250108;000000;986.5;1029.5;975;1021;1625023;0
Самолет ао;D;20250109;000000;1013;1024.5;968;970;2984043;0
Самолет ао;D;20250110;000000;980;1006;970.5;996;2491051;0
Самолет ао;D;20250113;000000;1012;1025;986.5;994.5;2286001;0
Самолет ао;D;20250114;000000;995.5;1010.5;983;1008;1344572;0
Самолет ао;D;20250115;000000;1005.5;1045;998;1042.5;2604297;0
Самолет ао;D;20250116;000000;1048;1118;1030.5;1107.5;7186815;0
Самолет ао;D;20250117;000000;1108;1287;1087;1271;16599697;0
Самолет ао;D;20250120;000000;1315;1378;1194;1216;25306732;0
Самолет ао;D;20250121;000000;1231;1292.5;1210;1291.5;11597616;0
Самолет ао;D;20250122;000000;1295;1340;1255.5;1271.5;12479782;0
Самолет ао;D;20250123;000000;1269.5;1348;1263;1334;9034350;0
Самолет ао;D;20250124;000000;1334;1398.5;1320;1343.5;14337278;0
Самолет ао;D;20250127;000000;1345.5;1373;1272.5;1281;8527420;0
Самолет ао;D;20250128;000000;1278;1332;1240.5;1323;8011518;0
Самолет ао;D;20250129;000000;1325;1334;1283.5;1294;5962380;0
Самолет ао;D;20250130;000000;1294.5;1320;1291;1311.5;3337591;0
Самолет ао;D;20250131;000000;1310;1343;1297;1307;4131596;0
Самолет ао;D;20250203;000000;1304;1317.5;1274;1306;3129568;0
Самолет ао;D;20250204;000000;1305;1320;1264;1274;2563948;0
Самолет ао;D;20250205;000000;1269;1306.5;1195.5;1288.5;9630646;0
Самолет ао;D;20250206;000000;1294;1309.5;1261;1277;3339238;0
Самолет ао;D;20250207;000000;1280;1289;1256;1265;1596246;0
Самолет ао;D;20250210;000000;1282;1296;1230;1242.5;2975169;0
Самолет ао;D;20250211;000000;1236;1283;1235;1275.5;2105714;0
Самолет ао;D;20250212;000000;1279.5;1345;1240;1325;6471455;0
Самолет ао;D;20250213;000000;1336.5;1378.5;1299.5;1318;4346381;0
Самолет ао;D;20250214;000000;1311.5;1419.5;1276;1306;10581148;0
Самолет ао;D;20250217;000000;1329.5;1376.5;1326;1372;2841459;0
Самолет ао;D;20250218;000000;1380;1391.5;1306.5;1323;3100544;0
Самолет ао;D;20250219;000000;1326.5;1340;1308.5;1330.5;1714056;0
Самолет ао;D;20250220;000000;1335;1336.5;1315;1324;911922;0
Самолет ао;D;20250221;000000;1324;1349;1310;1339.5;1517266;0
Самолет ао;D;20250224;000000;1339.5;1378;1335.5;1363.5;2078357;0
Самолет ао;D;20250225;000000;1366;1505;1360;1474.5;7472413;0
Самолет ао;D;20250226;000000;1480;1550;1431;1448;8678635;0
Самолет ао;D;20250227;000000;1450.5;1476.5;1411;1419;3891992;0
Самолет ао;D;20250228;000000;1422;1442;1376.5;1418.5;4050225;0
Самолет ао;D;20250303;000000;1428.5;1428.5;1328;1354.5;3304325;0
Самолет ао;D;20250304;000000;1366.5;1441;1361.5;1427.5;2848732;0
Самолет ао;D;20250305;000000;1427.5;1477.5;1401;1421;3382406;0
Самолет ао;D;20250306;000000;1425;1470;1415;1442;2868856;0
Самолет ао;D;20250307;000000;1443;1482;1396.5;1450.5;3056201;0
Самолет ао;D;20250310;000000;1464;1469.5;1439.5;1452;947765;0
Самолет ао;D;20250311;000000;1452;1458;1417.5;1433;1256103;0
Самолет ао;D;20250312;000000;1438.5;1438.5;1400;1413.5;1059940;0
Самолет ао;D;20250313;000000;1418;1444.5;1366;1411;1980862;0
Самолет ао;D;20250314;000000;1410;1427;1385;1419.5;1113332;0
Самолет ао;D;20250317;000000;1421.5;1461;1414;1459;1388547;0
Самолет ао;D;20250318;000000;1465;1488;1431.5;1431.5;2091872;0
Самолет ао;D;20250319;000000;1430.5;1514;1421;1490;2195654;0
Самолет ао;D;20250320;000000;1490;1543.5;1486;1535;3219143;0
Самолет ао;D;20250321;000000;1538.5;1538.5;1447.5;1463.5;4071482;0
Самолет ао;D;20250324;000000;1461;1467.5;1390.5;1405.5;3149540;0
Самолет ао;D;20250325;000000;1405.5;1434.5;1378;1419.5;2241507;0
Самолет ао;D;20250326;000000;1424;1432;1371;1382;1326024;0
Самолет ао;D;20250327;000000;1382;1383;1313.5;1324;1994424;0
Самолет ао;D;20250328;000000;1318.5;1323;1221;1224.5;2532091;0
Самолет ао;D;20250331;000000;1232.5;1274.5;1180;1264.5;3485776;0
Самолет ао;D;20250401;000000;1267;1316;1188;1206;4073956;0
Самолет ао;D;20250402;000000;1207;1239;1178;1230.5;4364884;0
Самолет ао;D;20250403;000000;1232.5;1247;1168;1225;3113937;0
Самолет ао;D;20250404;000000;1235.5;1238;1111;1116;2866318;0
Самолет ао;D;20250407;000000;1129.5;1153;1012;1067;4908296;0
Самолет ао;D;20250408;000000;1074;1099;989;1000.5;2379761;0
Самолет ао;D;20250409;000000;1003.5;1075.5;945.5;1075.5;5189331;0
Самолет ао;D;20250410;000000;1075.5;1200;1030.5;1067;3297685;0
Самолет ао;D;20250411;000000;1068;1138.5;1065;1136;3483433;0
Самолет ао;D;20250414;000000;1140.5;1176.5;1092.5;1105;2781378;0
Самолет ао;D;20250415;000000;1109;1124.5;1074;1116.5;2184879;0
Самолет ао;D;20250416;000000;1107.5;1152;1092.5;1118;2365293;0
Самолет ао;D;20250417;000000;1125.5;1188;1122;1175;2080639;0
Самолет ао;D;20250418;000000;1148;1171;1124.5;1157;1997213;0
Самолет ао;D;20250421;000000;1179;1188;1163;1182.5;1072912;0
Самолет ао;D;20250422;000000;1185;1280;1182.5;1254.5;3574979;0
Самолет ао;D;20250423;000000;1264;1266;1204;1255;2824439;0
Самолет ао;D;20250424;000000;1254;1304;1251;1283.5;3259218;0
Самолет ао;D;20250425;000000;1286;1316;1240;1283;4884934;0
Самолет ао;D;20250428;000000;1288.5;1308.5;1247.5;1259;2833090;0
Самолет ао;D;20250429;000000;1257;1264;1201;1210;1583932;0
Самолет ао;D;20250430;000000;1210.5;1214;1165.5;1194.5;2081874;0
Самолет ао;D;20250502;000000;1192;1192;1102;1107.5;1308779;0
Самолет ао;D;20250505;000000;1108;1131.5;1064.5;1083;1837578;0
Самолет ао;D;20250506;000000;1084;1148.5;1058.5;1130;2140461;0
Самолет ао;D;20250507;000000;1131;1182;1112.5;1170.5;2937936;0
Самолет ао;D;20250508;000000;1177;1214;1175;1180.5;2276384;0
Самолет ао;D;20250512;000000;1185;1246.5;1179.5;1211.5;3162158;0
Самолет ао;D;20250513;000000;1215;1218.5;1177.5;1186.5;1803528;0
Самолет ао;D;20250514;000000;1185;1205;1143;1147;1980890;0
Самолет ао;D;20250515;000000;1148;1164;1129.5;1143;1733534;0
Самолет ао;D;20250516;000000;1149;1154.5;1103;1134;2155262;0
Самолет ао;D;20250519;000000;1133;1170.5;1130.5;1139.5;1684677;0
Самолет ао;D;20250520;000000;1139.5;1145.5;1110.5;1123;745916;0
Самолет ао;D;20250521;000000;1124;1133;1103.5;1108.5;686412;0
Самолет ао;D;20250522;000000;1110;1131;1077;1104;1591175;0
Самолет ао;D;20250523;000000;1109;1133;1085;1127.5;1898942;0
Самолет ао;D;20250526;000000;1120;1124.5;1087;1099;1447392;0
Самолет ао;D;20250527;000000;1098.5;1165;1084;1160.5;2208341;0
Самолет ао;D;20250528;000000;1161;1220.5;1160.5;1216.5;3115432;0
Самолет ао;D;20250529;000000;1223;1223;1173;1179;2152465;0
Самолет ао;D;20250530;000000;1174;1210;1166;1197;1368896;0
Самолет ао;D;20250602;000000;1201;1237;1136;1227.5;3761902;0
Самолет ао;D;20250603;000000;1231;1278;1230;1270;2979790;0
Самолет ао;D;20250604;000000;1272.5;1295;1243.5;1252;3519432;0
Самолет ао;D;20250605;000000;1253;1283;1253;1278;1526141;0
Самолет ао;D;20250606;000000;1285;1391;1203;1203.5;8991595;0
Самолет ао;D;20250609;000000;1203.5;1217.5;1165;1189;3070457;0
Самолет ао;D;20250610;000000;1192;1211.5;1165;1176;1833973;0
Самолет ао;D;20250611;000000;1178;1206.5;1164;1196.5;1544977;0
Самолет ао;D;20250613;000000;1207;1207.5;1185;1186;410365;0
Самолет ао;D;20250616;000000;1188.5;1196.5;1142;1147.5;1630615;0
Самолет ао;D;20250617;000000;1148.5;1194;1136.5;1184.5;1882780;0
Самолет ао;D;20250618;000000;1189.5;1193.5;1165;1171;970198;0
Самолет ао;D;20250619;000000;1168;1181;1159;1161;758596;0
Самолет ао;D;20250620;000000;1161;1175;1110.5;1122.5;2113082;0
Самолет ао;D;20250623;000000;1119.5;1119.5;1083;1089.5;1540520;0
Самолет ао;D;20250624;000000;1095;1131.5;1075;1130;2306670;0
Самолет ао;D;20250625;000000;1134;1139.5;1117.5;1126.5;1268036;0
Самолет ао;D;20250626;000000;1128.5;1138.5;1118.5;1126;592346;0
Самолет ао;D;20250627;000000;1129;1164.5;1121;1164;1394521;0
Самолет ао;D;20250630;000000;1167;1235.5;1155.5;1224.5;3844807;0
Самолет ао;D;20250701;000000;1224.5;1270;1209;1218.5;3327289;0
Самолет ао;D;20250702;000000;1220.5;1250.5;1216;1230.5;2185497;0
Самолет ао;D;20250703;000000;1230.5;1275;1230.5;1253;2445916;0
Самолет ао;D;20250704;000000;1250;1261;1220;1232;1983402;0
Самолет ао;D;20250707;000000;1235;1236;1184.5;1190;1376279;0
Самолет ао;D;20250708;000000;1189;1230;1177.5;1183;2809916;0
Самолет ао;D;20250709;000000;1188.5;1225;1170.5;1220.5;2777460;0
Самолет ао;D;20250710;000000;1220.5;1238.5;1210;1219.5;1915381;0
Самолет ао;D;20250711;000000;1216;1221.5;1161.5;1169;1721865;0
Самолет ао;D;20250714;000000;1174.5;1249;1135;1246.5;3309540;0
Самолет ао;D;20250715;000000;1249;1266;1245;1255;1861454;0
Самолет ао;D;20250716;000000;1256.5;1303;1249;1291;3304702;0
Самолет ао;D;20250717;000000;1291;1343;1291;1320.5;3596584;0
Самолет ао;D;20250718;000000;1319;1357;1312.5;1357;2398858;0
Самолет ао;D;20250721;000000;1362.5;1379;1322.5;1341;3157651;0
Самолет ао;D;20250722;000000;1340;1345.5;1308;1334.5;2209167;0
Самолет ао;D;20250723;000000;1338;1366.5;1323;1345;4721361;0
Самолет ао;D;20250724;000000;1348.5;1357.5;1318;1329;2935187;0
Самолет ао;D;20250725;000000;1330;1359.5;1256.5;1263.5;7426606;0
Самолет ао;D;20250728;000000;1269.5;1277.5;1202;1210;5160049;0
Самолет ао;D;20250729;000000;1212;1232.5;1191.5;1210;3067140;0
Самолет ао;D;20250730;000000;1211;1224;1175;1183;2266909;0
Самолет ао;D;20250731;000000;1183.5;1200;1180.5;1198;1550658;0
Самолет ао;D;20250801;000000;1206;1215;1186.5;1191;1303224;0
Самолет ао;D;20250804;000000;1196;1212.5;1179;1212.5;1510026;0
Самолет ао;D;20250805;000000;1213.5;1217.5;1203;1208.5;967360;0
Самолет ао;D;20250806;000000;1211;1272.5;1204.5;1248;4708068;0
Самолет ао;D;20250807;000000;1253;1280.5;1235.5;1261.5;2872446;0
Самолет ао;D;20250808;000000;1266;1279;1250;1273.5;1097787;0
Самолет ао;D;20250811;000000;1250;1270;1216.5;1242;6052205;0
Самолет ао;D;20250812;000000;1244;1252;1230.5;1246;1092111;0
Самолет ао;D;20250813;000000;1247;1257.5;1207.5;1219.5;1751654;0
Самолет ао;D;20250814;000000;1221;1233;1203;1227.5;1484353;0
Самолет ао;D;20250815;000000;1232;1243;1220;1234.5;1157978;0
Самолет ао;D;20250818;000000;1223;1272;1200;1265;3246883;0
Самолет ао;D;20250819;000000;1269;1287.5;1256;1268.5;2073046;0
Самолет ао;D;20250820;000000;1269;1279.5;1255;1260;1222085;0
Самолет ао;D;20250821;000000;1260;1262.5;1106;1167.5;12079756;0
Самолет ао;D;20250822;000000;1170;1224;1129;1206.5;9495776;0
Самолет ао;D;20250825;000000;1207;1218;1181;1194.5;2057367;0
Самолет ао;D;20250826;000000;1197.5;1205.5;1185.5;1186.5;804342;0
Самолет ао;D;20250827;000000;1185.5;1201;1178.5;1191;1107010;0
Самолет ао;D;20250828;000000;1193;1199.5;1161.5;1169;1606108;0
Самолет ао;D;20250829;000000;1171.5;1212.5;1162;1196.5;2278866;0
Самолет ао;D;20250901;000000;1197;1231;1196.5;1211;1748693;0
Самолет ао;D;20250902;000000;1214;1215;1176.5;1197;1838792;0
Самолет ао;D;20250903;000000;1200;1208.5;1186.5;1205.5;1554913;0
Самолет ао;D;20250904;000000;1205.5;1216.5;1192;1199.5;1218447;0
Самолет ао;D;20250905;000000;1200;1206;1187;1192;839828;0
