<TICKER>;<PER>;<DATE>;<TIME>;<OPEN>;<HIGH>;<LOW>;<CLOSE>;<VOL>;<OPENINT>
РУСАЛ ао;D;20200928;000000;31.5;33;31.03;32.7;12401180;0
РУСАЛ ао;D;20200929;000000;32.505;32.99;31.58;32.19;7221980;0
РУСАЛ ао;D;20200930;000000;31.74;32.19;31.38;31.4;6327400;0
РУСАЛ ао;D;20201001;000000;31.66;31.83;30.855;31.16;9980010;0
РУСАЛ ао;D;20201002;000000;31;31.295;30.36;31;5891920;0
РУСАЛ ао;D;20201005;000000;31.12;31.45;30.805;31.3;4964310;0
РУСАЛ ао;D;20201006;000000;31.17;31.495;31;31.215;2347290;0
РУСАЛ ао;D;20201007;000000;31.2;31.22;30.625;30.95;2611940;0
РУСАЛ ао;D;20201008;000000;31.095;31.75;30.95;31.66;4075160;0
РУСАЛ ао;D;20201009;000000;31.7;32.385;31.095;32;6912520;0
РУСАЛ ао;D;20201012;000000;32.05;33.185;32.01;32.42;8076660;0
РУСАЛ ао;D;20201013;000000;32.55;33.44;32.55;32.81;7320270;0
РУСАЛ ао;D;20201014;000000;32.855;33.53;32.315;33.27;6472180;0
РУСАЛ ао;D;20201015;000000;33.1;33.385;32.04;32.46;4462130;0
РУСАЛ ао;D;20201016;000000;32.565;32.77;31.57;32.375;3388600;0
РУСАЛ ао;D;20201019;000000;32.52;34.255;32.045;33.3;13502940;0
РУСАЛ ао;D;20201020;000000;33.39;33.97;32.66;33.335;10529500;0
РУСАЛ ао;D;20201021;000000;33.6;33.6;32.5;32.68;7816740;0
РУСАЛ ао;D;20201022;000000;32.74;33;32.05;32.98;3998640;0
РУСАЛ ао;D;20201023;000000;32.9;33.325;32.535;32.835;3405030;0
РУСАЛ ао;D;20201026;000000;32.685;33;32.33;32.515;3750680;0
РУСАЛ ао;D;20201027;000000;32.68;32.72;31.56;31.68;5627810;0
РУСАЛ ао;D;20201028;000000;31.5;31.695;29.9;30.305;9904150;0
РУСАЛ ао;D;20201029;000000;30.8;31.55;30.425;30.815;6167440;0
РУСАЛ ао;D;20201030;000000;30.595;30.695;29.765;30.405;4241550;0
РУСАЛ ао;D;20201102;000000;30.2;31.885;29.9;31.185;7179990;0
РУСАЛ ао;D;20201103;000000;31.03;31.785;30.83;31.695;4617100;0
РУСАЛ ао;D;20201105;000000;31.705;31.975;31.25;31.53;12622150;0
РУСАЛ ао;D;20201106;000000;31.5;31.5;30.865;31.425;9603840;0
РУСАЛ ао;D;20201109;000000;31.5;32.5;31.35;32.37;29445740;0
РУСАЛ ао;D;20201110;000000;32.25;32.85;31.85;32.395;11285270;0
РУСАЛ ао;D;20201111;000000;32.25;32.67;32.105;32.315;11373260;0
РУСАЛ ао;D;20201112;000000;32.08;32.645;32.08;32.31;7265160;0
РУСАЛ ао;D;20201113;000000;32.395;33.135;32.2;33.025;11312240;0
РУСАЛ ао;D;20201116;000000;33.33;33.8;33.05;33.775;11963780;0
РУСАЛ ао;D;20201117;000000;33.6;33.815;32.925;33.815;10906620;0
РУСАЛ ао;D;20201118;000000;33.68;34.98;33.37;34.38;22608510;0
РУСАЛ ао;D;20201119;000000;34.55;36.57;34.505;35.985;29724860;0
РУСАЛ ао;D;20201120;000000;36.065;36.72;35.56;36.29;12371340;0
РУСАЛ ао;D;20201123;000000;36.9;37.175;36.335;36.595;12803110;0
РУСАЛ ао;D;20201124;000000;36.8;37.1;35.58;36.695;11514320;0
РУСАЛ ао;D;20201125;000000;36.96;37.38;36.1;36.695;12498750;0
РУСАЛ ао;D;20201126;000000;36.51;36.995;35.765;36.505;11820690;0
РУСАЛ ао;D;20201127;000000;36.56;36.755;36.2;36.64;9673840;0
РУСАЛ ао;D;20201130;000000;36.7;37.67;36.58;37.585;11609580;0
РУСАЛ ао;D;20201201;000000;37.6;38.79;37.48;38.71;15808700;0
РУСАЛ ао;D;20201202;000000;38.78;39.795;38.32;39.615;16136470;0
РУСАЛ ао;D;20201203;000000;39.35;39.69;38.595;39.205;12469330;0
РУСАЛ ао;D;20201204;000000;39;39.87;38.36;39.79;10416370;0
РУСАЛ ао;D;20201207;000000;39.2;40.4;39.125;40.11;15929800;0
РУСАЛ ао;D;20201208;000000;39.995;40.29;39.37;39.755;11543960;0
РУСАЛ ао;D;20201209;000000;39.905;40.08;38.12;38.82;9574720;0
РУСАЛ ао;D;20201210;000000;38.88;40.1;38.74;39.85;11615450;0
РУСАЛ ао;D;20201211;000000;39.97;40.205;39.17;39.72;11483880;0
РУСАЛ ао;D;20201214;000000;39.75;40.375;39.23;39.8;9970240;0
РУСАЛ ао;D;20201215;000000;39.8;40.545;39.75;40.355;8168580;0
РУСАЛ ао;D;20201216;000000;40.26;40.4;39.5;39.845;8627490;0
РУСАЛ ао;D;20201217;000000;40;40.11;36.2;38.055;74644580;0
РУСАЛ ао;D;20201218;000000;37.7;38.22;36.355;36.79;33175440;0
РУСАЛ ао;D;20201221;000000;36.455;36.6;34;35.38;41052730;0
РУСАЛ ао;D;20201222;000000;34.7;36.27;34.43;35.67;26447840;0
РУСАЛ ао;D;20201223;000000;35.4;35.875;34.755;34.99;19255310;0
РУСАЛ ао;D;20201224;000000;34.565;34.955;34.555;34.66;15074430;0
РУСАЛ ао;D;20201225;000000;34.645;34.8;34.255;34.77;6941950;0
РУСАЛ ао;D;20201228;000000;34.8;36;34.525;35.765;20731700;0
РУСАЛ ао;D;20201229;000000;35.75;35.755;35.035;35.395;12864330;0
РУСАЛ ао;D;20201230;000000;35.44;35.5;34.8;35.42;6898760;0
РУСАЛ ао;D;20210104;000000;35.2;36.6;34.58;36.14;21952230;0
РУСАЛ ао;D;20210105;000000;35.8;37.465;35.655;37.245;22820440;0
РУСАЛ ао;D;20210106;000000;37.01;37.335;36.76;36.91;17551000;0
РУСАЛ ао;D;20210108;000000;37.2;38.26;37.085;38.03;22298670;0
РУСАЛ ао;D;20210111;000000;37.75;40.3;37.53;39.205;45968030;0
РУСАЛ ао;D;20210112;000000;39;39.5;38.265;38.53;26718060;0
РУСАЛ ао;D;20210113;000000;38.6;38.76;37.565;37.83;12183910;0
РУСАЛ ао;D;20210114;000000;37.7;38.32;37.05;38.145;16733730;0
РУСАЛ ао;D;20210115;000000;38.1;38.365;37.26;37.535;14061290;0
РУСАЛ ао;D;20210118;000000;37.395;37.95;36.72;37.53;6753820;0
РУСАЛ ао;D;20210119;000000;37.53;37.8;36.85;37.185;9260150;0
РУСАЛ ао;D;20210120;000000;37.185;37.96;36.92;37.57;13271690;0
РУСАЛ ао;D;20210121;000000;37.8;37.8;36.3;36.49;19421800;0
РУСАЛ ао;D;20210122;000000;36.25;36.615;35.65;36.435;13829340;0
РУСАЛ ао;D;20210125;000000;36.2;36.495;36;36.28;12025950;0
РУСАЛ ао;D;20210126;000000;36.12;36.2;35.82;36.055;10891680;0
РУСАЛ ао;D;20210127;000000;36;36;35.35;35.565;15390100;0
РУСАЛ ао;D;20210128;000000;35.395;35.85;34.75;35.55;12974480;0
РУСАЛ ао;D;20210129;000000;35.3;35.3;34.6;34.865;12919410;0
РУСАЛ ао;D;20210201;000000;35.1;35.4;34.72;35.235;7643810;0
РУСАЛ ао;D;20210202;000000;35.2;36.08;34.88;35.24;15147200;0
РУСАЛ ао;D;20210203;000000;35.6;35.87;35.12;35.79;9848950;0
РУСАЛ ао;D;20210204;000000;35.75;35.75;35.105;35.3;16353650;0
РУСАЛ ао;D;20210205;000000;35.3;35.49;34.865;35.385;15476170;0
РУСАЛ ао;D;20210208;000000;35.6;36.69;35.42;36.5;22609420;0
РУСАЛ ао;D;20210209;000000;36.765;37.75;36.405;37.585;22228370;0
РУСАЛ ао;D;20210210;000000;37.7;37.8;36.705;36.9;14128370;0
РУСАЛ ао;D;20210211;000000;36.9;37.43;36.05;36.815;12340720;0
РУСАЛ ао;D;20210212;000000;37;37.13;35.835;36.75;11616040;0
РУСАЛ ао;D;20210215;000000;37.215;37.5;36.565;37.415;9393550;0
РУСАЛ ао;D;20210216;000000;37.48;37.645;37;37.495;6667100;0
РУСАЛ ао;D;20210217;000000;39.99;39.99;38.005;38.485;54518450;0
РУСАЛ ао;D;20210218;000000;38.85;39.5;38.58;39.045;30313740;0
РУСАЛ ао;D;20210219;000000;39.08;40.7;39.075;40.37;31623910;0
РУСАЛ ао;D;20210220;000000;40.1;40.785;39.505;40.085;10440600;0
РУСАЛ ао;D;20210222;000000;41.12;41.48;40.405;41.35;20629580;0
РУСАЛ ао;D;20210224;000000;40.25;41.11;38.505;39.775;35825310;0
РУСАЛ ао;D;20210225;000000;40.755;41.46;39.66;40.03;31855860;0
РУСАЛ ао;D;20210226;000000;40;40.65;37.6;38.93;35799030;0
РУСАЛ ао;D;20210301;000000;39.44;39.48;38.665;39.39;23760560;0
РУСАЛ ао;D;20210302;000000;39.39;40.34;38.895;39.775;23864600;0
РУСАЛ ао;D;20210303;000000;40.21;40.95;40;40.77;17404130;0
РУСАЛ ао;D;20210304;000000;40.49;40.5;39;39.1;16774750;0
РУСАЛ ао;D;20210305;000000;39.195;39.65;38.4;39.6;13323670;0
РУСАЛ ао;D;20210309;000000;38.72;40;38.12;39.86;18684000;0
РУСАЛ ао;D;20210310;000000;39.9;41.61;39.55;41.315;40616880;0
РУСАЛ ао;D;20210311;000000;41.715;43.8;41.715;43.77;34513260;0
РУСАЛ ао;D;20210312;000000;43.4;44.44;42.805;43.99;28098520;0
РУСАЛ ао;D;20210315;000000;43.94;46.24;43.835;45.81;39008130;0
РУСАЛ ао;D;20210316;000000;45.91;45.92;44.505;44.68;26701030;0
РУСАЛ ао;D;20210317;000000;44.17;45;43.56;44.905;23960640;0
РУСАЛ ао;D;20210318;000000;45;46.975;45;45.275;31365230;0
РУСАЛ ао;D;20210319;000000;45.495;46.765;45.47;46.69;18130960;0
РУСАЛ ао;D;20210322;000000;46.705;47.25;46.405;46.805;15832660;0
РУСАЛ ао;D;20210323;000000;46;46.97;45.62;45.98;24788470;0
РУСАЛ ао;D;20210324;000000;45.5;45.685;44.65;45.215;30604630;0
РУСАЛ ао;D;20210325;000000;45.2;45.2;43.1;43.92;20095300;0
РУСАЛ ао;D;20210326;000000;43.965;46.325;43.92;45.79;14973950;0
РУСАЛ ао;D;20210329;000000;45.955;48.6;45.94;48.33;38754450;0
РУСАЛ ао;D;20210330;000000;48.2;48.7;48.025;48.57;17364950;0
РУСАЛ ао;D;20210331;000000;48.495;49.79;48.3;49.445;18600520;0
РУСАЛ ао;D;20210401;000000;49.3;49.3;48.575;48.83;11436900;0
РУСАЛ ао;D;20210402;000000;49.15;49.54;48.935;49.245;7036500;0
РУСАЛ ао;D;20210405;000000;49.535;49.59;48.675;49.025;5425690;0
РУСАЛ ао;D;20210406;000000;49.045;49.39;48.3;48.625;14051120;0
РУСАЛ ао;D;20210407;000000;48.8;49.2;48.56;48.765;6667930;0
РУСАЛ ао;D;20210408;000000;48.75;49.1;48.485;49.01;3296820;0
РУСАЛ ао;D;20210409;000000;48.77;49.23;48.3;48.89;15056770;0
РУСАЛ ао;D;20210412;000000;48.965;50.75;48.505;50.235;22336940;0
РУСАЛ ао;D;20210413;000000;50.4;52.195;50.275;52.015;26689500;0
РУСАЛ ао;D;20210414;000000;52;54.5;50.975;53.31;44967130;0
РУСАЛ ао;D;20210415;000000;53.5;55.335;52.25;55.215;30740430;0
РУСАЛ ао;D;20210416;000000;55.175;56;54.1;55.14;33020170;0
РУСАЛ ао;D;20210419;000000;55.1;55.125;52.9;53.575;24647310;0
РУСАЛ ао;D;20210420;000000;53.195;53.195;51.515;51.84;23505700;0
РУСАЛ ао;D;20210421;000000;51.74;53.95;51.195;53.895;22458190;0
РУСАЛ ао;D;20210422;000000;53.735;54.24;52.83;53.5;13972820;0
РУСАЛ ао;D;20210423;000000;54.1;54.52;53.32;54.2;9927060;0
РУСАЛ ао;D;20210426;000000;54.4;54.945;54.02;54.64;10038300;0
РУСАЛ ао;D;20210427;000000;54.64;54.64;52.25;53.025;15487390;0
РУСАЛ ао;D;20210428;000000;52.88;52.88;51.505;52.505;8869490;0
РУСАЛ ао;D;20210429;000000;52.835;53.5;51.5;52.09;17658360;0
РУСАЛ ао;D;20210430;000000;52.1;52.275;50.3;50.65;18187900;0
РУСАЛ ао;D;20210504;000000;51.6;52.99;51.405;52.6;20525780;0
РУСАЛ ао;D;20210505;000000;53;53.01;51.745;52.49;13387840;0
РУСАЛ ао;D;20210506;000000;52.865;53.995;52.275;53.9;16837470;0
РУСАЛ ао;D;20210507;000000;54.15;56.5;54.045;55.9;33942470;0
РУСАЛ ао;D;20210510;000000;55.86;57.6;55.5;56.66;31037120;0
РУСАЛ ао;D;20210511;000000;55.795;56.9;54.48;56.485;26652950;0
РУСАЛ ао;D;20210512;000000;56.005;57.75;55.85;56.09;18767590;0
РУСАЛ ао;D;20210513;000000;55.3;56.995;55.03;56.48;19729520;0
РУСАЛ ао;D;20210514;000000;56.66;57.49;55.75;57.015;13029840;0
РУСАЛ ао;D;20210517;000000;56.55;57.58;56.22;57.25;20105270;0
РУСАЛ ао;D;20210518;000000;57.545;58.72;56.505;56.89;27269100;0
РУСАЛ ао;D;20210519;000000;56.81;57.99;54.69;55.37;32217660;0
РУСАЛ ао;D;20210520;000000;55.375;56.795;53.035;54.8;33151540;0
РУСАЛ ао;D;20210521;000000;55.6;57;55.32;56.545;21293260;0
РУСАЛ ао;D;20210524;000000;56;56.25;55.21;55.435;9455480;0
РУСАЛ ао;D;20210525;000000;55.5;55.69;54.49;54.63;6748480;0
РУСАЛ ао;D;20210526;000000;54.63;55.75;54.36;55.68;8783810;0
РУСАЛ ао;D;20210527;000000;55.5;56.75;55.33;56.5;17917450;0
РУСАЛ ао;D;20210528;000000;56.4;57.2;56.4;56.92;13291040;0
РУСАЛ ао;D;20210531;000000;56.69;57.97;56.5;57.68;12281250;0
РУСАЛ ао;D;20210601;000000;57.31;58.42;57.31;57.555;13061380;0
РУСАЛ ао;D;20210602;000000;58.15;58.24;57.405;57.9;9742590;0
РУСАЛ ао;D;20210603;000000;57.85;58.085;56.8;56.92;9752900;0
РУСАЛ ао;D;20210604;000000;56.92;57.4;56.2;57.39;7750410;0
РУСАЛ ао;D;20210607;000000;57.2;57.75;56.6;57.28;8291180;0
РУСАЛ ао;D;20210608;000000;57.55;58.36;57.355;57.695;18375810;0
РУСАЛ ао;D;20210609;000000;57.69;58.085;57.205;57.55;10611850;0
РУСАЛ ао;D;20210610;000000;57.85;57.86;57.005;57.155;4054420;0
РУСАЛ ао;D;20210611;000000;57.155;57.62;56.55;56.65;6240410;0
РУСАЛ ао;D;20210614;000000;56.66;57.12;56.405;56.915;5211400;0
РУСАЛ ао;D;20210615;000000;56.9;57.25;56.34;56.505;7552620;0
РУСАЛ ао;D;20210616;000000;56.47;57.11;55.68;56.15;11868550;0
РУСАЛ ао;D;20210617;000000;56;56.285;54.57;54.71;16120530;0
РУСАЛ ао;D;20210618;000000;54.69;54.69;52.42;53.51;23166840;0
РУСАЛ ао;D;20210621;000000;52.995;53.715;51.81;53.36;26759620;0
РУСАЛ ао;D;20210622;000000;53.5;55.49;52.755;55.355;26377210;0
РУСАЛ ао;D;20210623;000000;55.245;57;54.645;56.365;30508310;0
РУСАЛ ао;D;20210624;000000;56.365;56.51;51.6;52.605;100824930;0
РУСАЛ ао;D;20210625;000000;52.55;52.575;50.35;50.695;43105140;0
РУСАЛ ао;D;20210628;000000;50.855;51.385;48.61;48.99;43162720;0
РУСАЛ ао;D;20210629;000000;48.895;48.895;46.725;48.125;57033770;0
РУСАЛ ао;D;20210630;000000;48.125;49.885;46.7;49.595;53719020;0
РУСАЛ ао;D;20210701;000000;49.53;50.7;49.05;49.51;22297200;0
РУСАЛ ао;D;20210702;000000;49.4;49.49;48.5;49.1;10254340;0
РУСАЛ ао;D;20210705;000000;48.88;50.1;47.9;49.835;22936110;0
РУСАЛ ао;D;20210706;000000;49.655;49.8;48.53;48.9;13603180;0
РУСАЛ ао;D;20210707;000000;48.895;50.08;48.69;49.605;12633880;0
РУСАЛ ао;D;20210708;000000;49.49;49.9;48.645;48.97;13773160;0
РУСАЛ ао;D;20210709;000000;49.095;49.87;48.81;49.54;8402240;0
РУСАЛ ао;D;20210712;000000;49.945;50.5;49.22;50.385;14954190;0
РУСАЛ ао;D;20210713;000000;50.4;50.495;49.75;49.85;11420790;0
РУСАЛ ао;D;20210714;000000;49.89;50.96;49.03;50.03;19193130;0
РУСАЛ ао;D;20210715;000000;50.005;50.3;49.28;49.775;5971880;0
РУСАЛ ао;D;20210716;000000;49.505;49.855;48.86;48.955;7302980;0
РУСАЛ ао;D;20210719;000000;48.835;49.05;47.16;47.375;12967660;0
РУСАЛ ао;D;20210720;000000;47.505;48.075;46.8;47.98;9300550;0
РУСАЛ ао;D;20210721;000000;47.9;48.32;47.07;47.25;12910100;0
РУСАЛ ао;D;20210722;000000;47.65;48.2;47.01;47.69;6073670;0
РУСАЛ ао;D;20210723;000000;47.805;49.71;47.75;49.605;17410070;0
РУСАЛ ао;D;20210726;000000;49.75;49.75;48.745;49.4;8411200;0
РУСАЛ ао;D;20210727;000000;49.5;49.725;48.72;49.005;8114710;0
РУСАЛ ао;D;20210728;000000;49.26;50.85;49.1;50.67;12560000;0
РУСАЛ ао;D;20210729;000000;50.865;52.96;50.81;52.265;26625640;0
РУСАЛ ао;D;20210730;000000;51.985;52.93;51.33;51.96;19481300;0
РУСАЛ ао;D;20210802;000000;52.7;53.135;52.2;52.36;14254780;0
РУСАЛ ао;D;20210803;000000;52.49;52.49;50.805;51.84;23024710;0
РУСАЛ ао;D;20210804;000000;52.015;52.29;51.285;51.325;7455940;0
РУСАЛ ао;D;20210805;000000;51.52;51.795;51.275;51.755;7018180;0
РУСАЛ ао;D;20210806;000000;51.755;51.9;51.02;51.25;7690310;0
РУСАЛ ао;D;20210809;000000;51.25;53.2;51.2;53.145;17411590;0
РУСАЛ ао;D;20210810;000000;53.25;54.2;52.7;53.805;20586890;0
РУСАЛ ао;D;20210811;000000;53.8;54.47;53.41;53.95;9211600;0
РУСАЛ ао;D;20210812;000000;54;54.71;53.64;54.405;10398270;0
РУСАЛ ао;D;20210813;000000;54.46;54.86;52.085;52.33;21785130;0
РУСАЛ ао;D;20210816;000000;52;52.365;51.005;52.005;11776770;0
РУСАЛ ао;D;20210817;000000;51.5;52;51.13;51.32;16311250;0
РУСАЛ ао;D;20210818;000000;51.325;51.35;49.95;50.465;19852170;0
РУСАЛ ао;D;20210819;000000;49.995;49.995;48.58;49.11;22835970;0
РУСАЛ ао;D;20210820;000000;48.98;49.18;48.25;48.785;10326070;0
РУСАЛ ао;D;20210823;000000;49.44;51.23;49.3;51.145;19761070;0
РУСАЛ ао;D;20210824;000000;51.245;52.05;50.805;51.79;18997730;0
РУСАЛ ао;D;20210825;000000;51.95;52.55;51.8;52.145;10810750;0
РУСАЛ ао;D;20210826;000000;52.245;52.245;50.505;50.575;17823310;0
РУСАЛ ао;D;20210827;000000;50.97;51.595;50.64;51.545;11632790;0
РУСАЛ ао;D;20210830;000000;51.895;52.065;51.43;51.86;11839270;0
РУСАЛ ао;D;20210831;000000;52.495;53.495;52.165;53.03;19283890;0
РУСАЛ ао;D;20210901;000000;53.5;54.965;53.4;54.695;26334720;0
РУСАЛ ао;D;20210902;000000;54.695;57.97;54.695;56.685;69367210;0
РУСАЛ ао;D;20210903;000000;56.95;63.315;56.405;62.4;86363360;0
РУСАЛ ао;D;20210906;000000;63.4;66.75;60.69;61.575;128971680;0
РУСАЛ ао;D;20210907;000000;61.355;63;61.105;62.91;36700400;0
РУСАЛ ао;D;20210908;000000;63.58;69.75;63.58;69.7;123864130;0
РУСАЛ ао;D;20210909;000000;69.95;70.395;66.21;67.89;93222910;0
РУСАЛ ао;D;20210910;000000;67;73.43;66.5;72.13;90817810;0
РУСАЛ ао;D;20210913;000000;73.895;75.44;71.215;72.27;104875840;0
РУСАЛ ао;D;20210914;000000;71.5;73.72;70.1;70.76;68838970;0
РУСАЛ ао;D;20210915;000000;70.5;72.645;70.015;70.995;45823560;0
РУСАЛ ао;D;20210916;000000;70.58;70.85;67.81;68.585;48873500;0
РУСАЛ ао;D;20210917;000000;68.4;72.82;67.805;72.295;72344950;0
РУСАЛ ао;D;20210920;000000;70.7;71.265;68.38;69.005;38641010;0
РУСАЛ ао;D;20210921;000000;69.5;72.23;68.525;71.32;30044460;0
РУСАЛ ао;D;20210922;000000;72;74.9;72;73.52;47562660;0
РУСАЛ ао;D;20210923;000000;73.495;74.35;72.115;73.9;30057430;0
РУСАЛ ао;D;20210924;000000;72.995;73.6;72.3;73.195;20515210;0
РУСАЛ ао;D;20210927;000000;73.04;73.415;70.75;71.92;33511340;0
РУСАЛ ао;D;20210928;000000;72.005;72.35;69.73;69.925;20134440;0
РУСАЛ ао;D;20210929;000000;69.71;69.885;68.65;69.715;14770310;0
РУСАЛ ао;D;20210930;000000;70.25;70.495;69.07;69.845;18570150;0
РУСАЛ ао;D;20211001;000000;68.995;71.8;68.82;71.45;18128320;0
РУСАЛ ао;D;20211004;000000;71.65;71.66;69.75;69.9;15373520;0
РУСАЛ ао;D;20211005;000000;70.225;71.495;69.355;70.75;15526240;0
РУСАЛ ао;D;20211006;000000;70.47;71.15;69.14;70.125;16323550;0
РУСАЛ ао;D;20211007;000000;70.85;73.12;69.75;72.5;26448780;0
РУСАЛ ао;D;20211008;000000;72.5;75;71.4;74.31;40246310;0
РУСАЛ ао;D;20211011;000000;74.5;77.43;74.455;77;43255780;0
РУСАЛ ао;D;20211012;000000;76.1;77.6;75.55;76.21;27947860;0
РУСАЛ ао;D;20211013;000000;76.79;77.45;75.505;75.915;25363060;0
РУСАЛ ао;D;20211014;000000;76.505;79.455;76.505;79;32974080;0
РУСАЛ ао;D;20211015;000000;79.605;83.93;79.1;83.41;42197360;0
РУСАЛ ао;D;20211018;000000;83.505;86;81.505;83.415;56868190;0
РУСАЛ ао;D;20211019;000000;83.25;83.375;77.615;79.975;84015240;0
РУСАЛ ао;D;20211020;000000;79;81.695;78.25;81.335;53461320;0
РУСАЛ ао;D;20211021;000000;80.4;80.495;76.855;78.62;41508850;0
РУСАЛ ао;D;20211022;000000;77.155;78.74;76.36;77.58;29204480;0
РУСАЛ ао;D;20211025;000000;78.1;79.85;76.505;79.345;24512720;0
РУСАЛ ао;D;20211026;000000;78.505;79.07;77.505;78.185;24478380;0
РУСАЛ ао;D;20211027;000000;76.25;76.89;74.07;74.42;48178190;0
РУСАЛ ао;D;20211028;000000;71.885;74.9;70.2;74.465;76320360;0
РУСАЛ ао;D;20211029;000000;72.75;72.75;71.25;71.705;42930210;0
РУСАЛ ао;D;20211101;000000;71.15;74.3;70.605;72.685;40048710;0
РУСАЛ ао;D;20211102;000000;72.235;72.78;71.01;71.195;25207330;0
РУСАЛ ао;D;20211103;000000;71.695;71.98;69.7;70.675;24300670;0
РУСАЛ ао;D;20211105;000000;67.88;68.7;67.305;67.9;44027160;0
РУСАЛ ао;D;20211108;000000;67.9;69.5;67.85;69.175;29448940;0
РУСАЛ ао;D;20211109;000000;68.75;74.85;68.495;73.435;74908360;0
РУСАЛ ао;D;20211110;000000;73;73.945;71.13;71.655;32864520;0
РУСАЛ ао;D;20211111;000000;72.6;74.975;72.385;74.42;39345360;0
РУСАЛ ао;D;20211112;000000;75.7;76.25;71.305;74.01;65251700;0
РУСАЛ ао;D;20211115;000000;73.74;73.78;71.55;71.7;35221000;0
РУСАЛ ао;D;20211116;000000;72.06;73.465;72;72.44;30372580;0
РУСАЛ ао;D;20211117;000000;72.36;73.915;72.29;73.16;23305390;0
РУСАЛ ао;D;20211118;000000;72.86;73.25;70.35;71.815;34553510;0
РУСАЛ ао;D;20211119;000000;72.54;73.18;68.205;70.195;41316680;0
РУСАЛ ао;D;20211122;000000;70.3;70.83;66.5;67.62;54995200;0
РУСАЛ ао;D;20211123;000000;67.8;71.67;67.3;71.475;38266850;0
РУСАЛ ао;D;20211124;000000;71.5;73.4;71.15;71.9;28322750;0
РУСАЛ ао;D;20211125;000000;72.1;73.5;71.815;72.88;23298700;0
РУСАЛ ао;D;20211126;000000;69.675;71.46;68.92;69.2;37761020;0
РУСАЛ ао;D;20211129;000000;70.5;72.07;70.2;71.8;34557770;0
РУСАЛ ао;D;20211130;000000;70.95;71.99;66.9;67.805;341423280;0
РУСАЛ ао;D;20211201;000000;68.5;69.485;67.65;68.38;31811960;0
РУСАЛ ао;D;20211202;000000;68.04;69.895;66.515;68.915;36844800;0
РУСАЛ ао;D;20211203;000000;69.155;69.88;67.82;68.62;15817000;0
РУСАЛ ао;D;20211206;000000;68.47;68.765;67;67.8;17737730;0
РУСАЛ ао;D;20211207;000000;67.815;71.75;67.53;71.22;26507480;0
РУСАЛ ао;D;20211208;000000;70.9;72.495;70.01;70.745;18840280;0
РУСАЛ ао;D;20211209;000000;70.025;72.75;69.75;71.615;19035280;0
РУСАЛ ао;D;20211210;000000;71.44;71.905;69.6;70.05;12063640;0
РУСАЛ ао;D;20211213;000000;70.095;71.16;66.83;68.295;21367510;0
РУСАЛ ао;D;20211214;000000;67.22;68.495;62.065;66.855;33747610;0
РУСАЛ ао;D;20211215;000000;66.6;67.675;63.8;66.67;22641720;0
РУСАЛ ао;D;20211216;000000;66.55;69.77;65.25;67.765;28383390;0
РУСАЛ ао;D;20211217;000000;67.96;68.28;66.25;68.095;21275090;0
РУСАЛ ао;D;20211220;000000;67.13;67.995;65.3;67.4;18333430;0
РУСАЛ ао;D;20211221;000000;67.1;69.25;66.2;68.99;24596430;0
РУСАЛ ао;D;20211222;000000;68.845;69.73;68.005;69.045;24382900;0
РУСАЛ ао;D;20211223;000000;69.705;71.25;69.2;70.77;20501640;0
РУСАЛ ао;D;20211224;000000;70.91;71.25;70;70.7;9542420;0
РУСАЛ ао;D;20211227;000000;70.905;72.45;70.75;72.4;10732670;0
РУСАЛ ао;D;20211228;000000;72.1;73.8;71.84;72.765;13070810;0
РУСАЛ ао;D;20211229;000000;72.9;73.975;71.9;73.36;13659020;0
РУСАЛ ао;D;20211230;000000;73.1;74;72.82;73.245;12240790;0
РУСАЛ ао;D;20220103;000000;73.55;74.495;73.25;73.755;6753360;0
РУСАЛ ао;D;20220104;000000;74;74.38;72.25;74.15;11041910;0
РУСАЛ ао;D;20220105;000000;73.85;77.5;73;73.65;29029180;0
РУСАЛ ао;D;20220106;000000;74.2;75.75;73.47;74.54;12570540;0
РУСАЛ ао;D;20220110;000000;75.6;77.98;75.24;76.3;30674060;0
РУСАЛ ао;D;20220111;000000;76.25;77.07;74.75;76.9;16917240;0
РУСАЛ ао;D;20220112;000000;77.02;79.495;76.71;78.25;35363740;0
РУСАЛ ао;D;20220113;000000;78.805;79.96;74.13;75.8;59635090;0
РУСАЛ ао;D;20220114;000000;76.355;77.5;71.38;74;40231900;0
РУСАЛ ао;D;20220117;000000;74;75.87;70.9;73.735;35440330;0
РУСАЛ ао;D;20220118;000000;73.85;74.82;68.35;70.045;38863540;0
РУСАЛ ао;D;20220119;000000;70.66;73.75;66.05;73.6;54127930;0
РУСАЛ ао;D;20220120;000000;73.6;75.57;73.175;74.005;25878800;0
РУСАЛ ао;D;20220121;000000;73.48;74.25;72.06;73.55;26056400;0
РУСАЛ ао;D;20220124;000000;69.8;72.42;65.555;69.935;47013390;0
РУСАЛ ао;D;20220125;000000;68.5;70.75;67.765;70.215;24206220;0
РУСАЛ ао;D;20220126;000000;70.05;72.72;67.76;70.75;27370150;0
РУСАЛ ао;D;20220127;000000;69.745;74.495;69.155;72.64;35997300;0
РУСАЛ ао;D;20220128;000000;72.35;73.44;71.67;72.09;15029870;0
РУСАЛ ао;D;20220131;000000;72;73.78;72;72.42;15396260;0
РУСАЛ ао;D;20220201;000000;72.42;72.86;71.25;71.595;8353000;0
РУСАЛ ао;D;20220202;000000;71.6;72.24;69.615;69.995;13643510;0
РУСАЛ ао;D;20220203;000000;69.81;70.94;69.25;70.89;12709390;0
РУСАЛ ао;D;20220204;000000;70.66;72.165;70.25;71.36;14715600;0
РУСАЛ ао;D;20220207;000000;70.75;71.405;70.1;71.08;8472590;0
РУСАЛ ао;D;20220208;000000;70.76;76.4;70.225;76.02;42612500;0
РУСАЛ ао;D;20220209;000000;76.78;80.45;76.25;79.99;40974960;0
РУСАЛ ао;D;20220210;000000;79.7;85.475;78.505;83.005;63165200;0
РУСАЛ ао;D;20220211;000000;82.32;84.245;79.08;79.7;71249180;0
РУСАЛ ао;D;20220214;000000;79.64;84.7;77.11;83.4;52833430;0
РУСАЛ ао;D;20220215;000000;83.41;87.285;82.25;86.35;45328110;0
РУСАЛ ао;D;20220216;000000;85.625;89.25;85.625;89;33350310;0
РУСАЛ ао;D;20220217;000000;89;89.24;80.755;83.245;55438880;0
РУСАЛ ао;D;20220218;000000;83.1;84.75;77.3;80.5;43215390;0
РУСАЛ ао;D;20220221;000000;79;82.335;64.28;69.5;100306580;0
РУСАЛ ао;D;20220222;000000;68.51;78.8;64.31;75.7;101248390;0
РУСАЛ ао;D;20220224;000000;68.65;77.7;45.455;67.25;59486180;0
РУСАЛ ао;D;20220225;000000;58.395;73.995;58.395;60.055;46270310;0
РУСАЛ ао;D;20220324;000000;62;71.995;62;69.55;46339350;0
РУСАЛ ао;D;20220325;000000;73;73;65;66.59;9156100;0
РУСАЛ ао;D;20220328;000000;67.45;68.985;63;64.935;7427110;0
РУСАЛ ао;D;20220329;000000;65.2;68.3;61;63;19391600;0
РУСАЛ ао;D;20220330;000000;66;67;64.005;65.475;6088570;0
РУСАЛ ао;D;20220331;000000;66;68.5;64.96;68;10754540;0
РУСАЛ ао;D;20220401;000000;68.5;70.5;68.01;69.5;11579310;0
РУСАЛ ао;D;20220404;000000;70;73.4;67.61;71.92;11083850;0
РУСАЛ ао;D;20220405;000000;71.95;72.72;70;72.02;7449260;0
РУСАЛ ао;D;20220406;000000;71.98;72.1;70;70.2;4081200;0
РУСАЛ ао;D;20220407;000000;70.495;71;68.375;68.95;2436100;0
РУСАЛ ао;D;20220408;000000;69;70;67.1;68.75;2814050;0
РУСАЛ ао;D;20220411;000000;68.75;69.9;67.005;67.63;2984430;0
РУСАЛ ао;D;20220412;000000;68;69.9;66.05;69.52;4596570;0
РУСАЛ ао;D;20220413;000000;70;70.02;68.11;68.63;2649170;0
РУСАЛ ао;D;20220414;000000;68.63;68.75;65.55;66.65;3713120;0
РУСАЛ ао;D;20220415;000000;67.05;67.37;65.105;66.75;2447450;0
РУСАЛ ао;D;20220418;000000;67.165;67.25;64.3;64.605;2572450;0
РУСАЛ ао;D;20220419;000000;64.4;64.735;61.17;63.2;4177120;0
РУСАЛ ао;D;20220420;000000;63.475;64.05;61.9;63.2;4055940;0
РУСАЛ ао;D;20220421;000000;63.195;65.05;62.805;64.605;3508300;0
РУСАЛ ао;D;20220422;000000;65.3;67.1;64.6;64.895;3637710;0
РУСАЛ ао;D;20220425;000000;64.545;64.775;61.645;62.36;2751030;0
РУСАЛ ао;D;20220426;000000;62.01;67.095;62.01;66.18;3805690;0
РУСАЛ ао;D;20220427;000000;66.83;69.615;66.605;69.365;3564730;0
РУСАЛ ао;D;20220428;000000;70.78;71.88;66.8;67.165;4483040;0
РУСАЛ ао;D;20220429;000000;67.8;68.945;67.01;67.5;2530030;0
РУСАЛ ао;D;20220504;000000;67.485;68.505;65;65.265;2569280;0
РУСАЛ ао;D;20220505;000000;65.77;66.765;65.355;66.35;1293210;0
РУСАЛ ао;D;20220506;000000;66.35;66.35;65.15;65.3;1290970;0
РУСАЛ ао;D;20220511;000000;65.415;66.24;65.11;65.26;1803270;0
РУСАЛ ао;D;20220512;000000;65.1;65.535;62.86;63.21;2065730;0
РУСАЛ ао;D;20220513;000000;64;64.2;62.71;62.975;2012450;0
РУСАЛ ао;D;20220516;000000;63.9;64.9;62.725;63.05;2891610;0
РУСАЛ ао;D;20220517;000000;64.19;64.475;63.2;64.3;8901820;0
РУСАЛ ао;D;20220518;000000;64.88;65.575;63.84;64.02;3569110;0
РУСАЛ ао;D;20220519;000000;64.515;64.515;62.9;63.125;2933600;0
РУСАЛ ао;D;20220520;000000;63.11;63.395;60.8;60.985;5895210;0
РУСАЛ ао;D;20220523;000000;61.62;61.62;57.31;57.81;6454960;0
РУСАЛ ао;D;20220524;000000;57.9;59.25;54.45;58.395;5827720;0
РУСАЛ ао;D;20220525;000000;58.98;59.58;56.555;59.515;3865610;0
РУСАЛ ао;D;20220526;000000;59.695;61;58.505;59.6;5095620;0
РУСАЛ ао;D;20220527;000000;60.485;61.5;59.71;61.055;4835790;0
РУСАЛ ао;D;20220530;000000;61.37;63.4;61.005;62.8;6669310;0
РУСАЛ ао;D;20220531;000000;63.315;63.315;59.11;59.15;7564280;0
РУСАЛ ао;D;20220601;000000;59;59.385;57.53;57.99;4523230;0
РУСАЛ ао;D;20220602;000000;58.085;61.865;56.16;60.5;7595200;0
РУСАЛ ао;D;20220603;000000;60;61.9;58.1;60.8;5551230;0
РУСАЛ ао;D;20220606;000000;61.17;61.29;59.4;60.405;1990690;0
РУСАЛ ао;D;20220607;000000;60.4;61.69;59.2;60.295;4610050;0
РУСАЛ ао;D;20220608;000000;60.315;61.215;60.155;60.33;1789880;0
РУСАЛ ао;D;20220609;000000;60.475;60.475;58.755;58.98;2111660;0
РУСАЛ ао;D;20220610;000000;58.895;58.975;57.63;57.94;1804330;0
РУСАЛ ао;D;20220614;000000;57.875;57.985;55.3;55.3;4827670;0
РУСАЛ ао;D;20220615;000000;55.305;56.86;55.305;56.78;3864950;0
РУСАЛ ао;D;20220616;000000;56.84;58.025;56.77;57.25;2581430;0
РУСАЛ ао;D;20220617;000000;57.35;57.92;56.2;56.56;1984320;0
РУСАЛ ао;D;20220620;000000;56.56;57;55.76;56.015;2754200;0
РУСАЛ ао;D;20220621;000000;56.14;56.265;54.25;54.5;3339020;0
РУСАЛ ао;D;20220622;000000;54.5;55.56;53.78;53.825;3411180;0
РУСАЛ ао;D;20220623;000000;53.86;55.48;53.4;55.48;3708970;0
РУСАЛ ао;D;20220624;000000;54.81;54.995;54.02;54.96;3134460;0
РУСАЛ ао;D;20220627;000000;54.965;55.9;54.81;55.715;2511400;0
РУСАЛ ао;D;20220628;000000;55.46;55.695;54.385;54.6;3214650;0
РУСАЛ ао;D;20220629;000000;54.75;54.75;53.1;54.715;3951240;0
РУСАЛ ао;D;20220630;000000;54.715;55.25;52;53.53;5958970;0
РУСАЛ ао;D;20220701;000000;53.5;53.5;52.11;52.84;2321160;0
РУСАЛ ао;D;20220704;000000;52.84;54.3;52.505;54.245;3732870;0
РУСАЛ ао;D;20220705;000000;59.67;66.495;55.9;57.51;54648840;0
РУСАЛ ао;D;20220706;000000;57.02;57.835;55.2;55.63;8539720;0
РУСАЛ ао;D;20220707;000000;55.615;56.335;54.245;55.9;5335460;0
РУСАЛ ао;D;20220708;000000;56;56.285;54.75;55.83;2574080;0
РУСАЛ ао;D;20220711;000000;55.83;56.975;54.245;54.495;3244540;0
РУСАЛ ао;D;20220712;000000;54.22;54.3;52;52.965;6493140;0
РУСАЛ ао;D;20220713;000000;52.7;53;50.11;50.11;5389410;0
РУСАЛ ао;D;20220714;000000;50.34;51.145;48.27;48.95;5911530;0
РУСАЛ ао;D;20220715;000000;48.93;50;48.555;49.5;3878940;0
РУСАЛ ао;D;20220718;000000;49.895;50;49.005;49.335;1561580;0
РУСАЛ ао;D;20220719;000000;49.335;49.89;48.05;48.7;2659050;0
РУСАЛ ао;D;20220720;000000;48.755;48.95;47.55;47.6;2856140;0
РУСАЛ ао;D;20220721;000000;47.56;50.345;46.2;49.95;8402900;0
РУСАЛ ао;D;20220722;000000;49.8;50.33;48.4;48.51;3837340;0
РУСАЛ ао;D;20220725;000000;48.5;49.54;47.7;49.16;2810980;0
РУСАЛ ао;D;20220726;000000;49.14;50.45;49.06;49.88;3255520;0
РУСАЛ ао;D;20220727;000000;50.02;51.75;50.02;50.45;5176270;0
РУСАЛ ао;D;20220728;000000;50.6;51.095;49;49.38;4754560;0
РУСАЛ ао;D;20220729;000000;49.385;50.73;49.305;50.235;3599170;0
РУСАЛ ао;D;20220801;000000;50.9;50.9;48.76;49.15;4050530;0
РУСАЛ ао;D;20220802;000000;49.63;49.63;47.6;47.795;4600930;0
РУСАЛ ао;D;20220803;000000;47.8;48.2;45.64;45.95;6126800;0
РУСАЛ ао;D;20220804;000000;46;46.555;44.3;44.925;6711360;0
РУСАЛ ао;D;20220805;000000;44.99;45.27;43;43.835;5259650;0
РУСАЛ ао;D;20220808;000000;44.87;44.995;43.56;43.775;4819110;0
РУСАЛ ао;D;20220809;000000;43.8;44.51;43;44.51;5020300;0
РУСАЛ ао;D;20220810;000000;44.515;46;44.26;45.89;9215100;0
РУСАЛ ао;D;20220811;000000;46.01;46.87;43.595;44.325;11275720;0
РУСАЛ ао;D;20220812;000000;43.96;45.09;43.255;44.02;6401430;0
РУСАЛ ао;D;20220815;000000;44.1;46.99;43.8;46.99;7153200;0
РУСАЛ ао;D;20220816;000000;46.5;47.8;45.9;46.15;9045190;0
РУСАЛ ао;D;20220817;000000;46.265;46.85;45.485;46;5363590;0
РУСАЛ ао;D;20220818;000000;46.61;47.7;46.305;46.42;13214860;0
РУСАЛ ао;D;20220819;000000;46.42;46.8;45.7;45.95;4142730;0
РУСАЛ ао;D;20220822;000000;46;46.475;45.375;46.4;3579570;0
РУСАЛ ао;D;20220823;000000;46.45;46.8;46.235;46.7;4036440;0
РУСАЛ ао;D;20220824;000000;46.81;47.5;46.55;46.605;3901550;0
РУСАЛ ао;D;20220825;000000;46.66;48.8;46.47;48.8;11743800;0
РУСАЛ ао;D;20220826;000000;48.87;48.95;47.77;48.565;3982910;0
РУСАЛ ао;D;20220829;000000;48.645;49.74;48.335;49.2;6460220;0
РУСАЛ ао;D;20220830;000000;50;51;48.785;48.845;20339070;0
РУСАЛ ао;D;20220831;000000;48.89;49.995;48.03;48.8;7956910;0
РУСАЛ ао;D;20220901;000000;48.82;49.27;48.27;48.7;3997940;0
РУСАЛ ао;D;20220902;000000;49;49.85;48.7;49.5;7433980;0
РУСАЛ ао;D;20220905;000000;49.505;50.25;49.22;49.61;7022240;0
РУСАЛ ао;D;20220906;000000;49.93;50.65;46.5;48.425;14178180;0
РУСАЛ ао;D;20220907;000000;48.9;49.46;47.535;48.855;5873120;0
РУСАЛ ао;D;20220908;000000;49;49.3;48.3;48.56;4221550;0
РУСАЛ ао;D;20220909;000000;48.65;49.455;48.595;49.195;4003700;0
РУСАЛ ао;D;20220912;000000;49.5;49.9;49.255;49.78;3935210;0
РУСАЛ ао;D;20220913;000000;49.3;49.76;48.83;48.85;6003200;0
РУСАЛ ао;D;20220914;000000;48.75;48.85;47.5;47.9;6165370;0
РУСАЛ ао;D;20220915;000000;47.75;48.15;47.2;47.92;5434700;0
РУСАЛ ао;D;20220916;000000;47.92;48.83;47.25;47.7;5935230;0
РУСАЛ ао;D;20220919;000000;47.615;47.695;46.625;46.815;5962110;0
РУСАЛ ао;D;20220920;000000;46.98;46.98;41.355;43.195;17987150;0
РУСАЛ ао;D;20220921;000000;40;41.875;38;40.64;12830340;0
РУСАЛ ао;D;20220922;000000;40.2;41.8;40;40.405;6312270;0
РУСАЛ ао;D;20220923;000000;40.41;40.48;36.95;37.63;10825250;0
РУСАЛ ао;D;20220926;000000;37.58;37.58;32.15;33.8;20118170;0
РУСАЛ ао;D;20220927;000000;33.8;36.49;31.6;34.765;16197780;0
РУСАЛ ао;D;20220928;000000;34.6;34.99;33.025;34.195;10309990;0
РУСАЛ ао;D;20220929;000000;34.3;34.31;32.3;33.14;8623020;0
РУСАЛ ао;D;20220930;000000;33;35;30.615;33.835;14829200;0
РУСАЛ ао;D;20221003;000000;34.01;35.99;33.045;35.745;8318280;0
РУСАЛ ао;D;20221004;000000;35.85;35.915;34.075;35.105;9733460;0
РУСАЛ ао;D;20221005;000000;35.035;35.635;33.4;34.835;8035040;0
РУСАЛ ао;D;20221006;000000;35.2;35.79;34.8;35.12;6467550;0
РУСАЛ ао;D;20221007;000000;34.9;35;32.735;33.32;7497190;0
РУСАЛ ао;D;20221010;000000;31.1;34.46;31.1;34.165;8186800;0
РУСАЛ ао;D;20221011;000000;34.165;35.68;33.81;35.595;4796990;0
РУСАЛ ао;D;20221012;000000;35.7;37.08;34;34.385;22971830;0
РУСАЛ ао;D;20221013;000000;34.245;35.69;33.65;35.17;14870600;0
РУСАЛ ао;D;20221014;000000;35.4;35.4;33.63;33.73;19530940;0
РУСАЛ ао;D;20221017;000000;33.87;34.425;33.615;34.23;15147810;0
РУСАЛ ао;D;20221018;000000;34.26;34.585;33.52;33.85;22821620;0
РУСАЛ ао;D;20221019;000000;32.89;33.3;32.125;32.595;23365520;0
РУСАЛ ао;D;20221020;000000;32.59;32.86;32.34;32.485;10663200;0
РУСАЛ ао;D;20221021;000000;32.35;32.815;31.85;32.72;16236200;0
РУСАЛ ао;D;20221024;000000;33.15;35;33.005;34.9;29721460;0
РУСАЛ ао;D;20221025;000000;35.265;35.6;34.91;35.16;24520330;0
РУСАЛ ао;D;20221026;000000;35.165;35.365;34.365;35.1;14370700;0
РУСАЛ ао;D;20221027;000000;35.15;37.75;35.015;37.16;31528950;0
РУСАЛ ао;D;20221028;000000;36.85;37.875;36.42;37.155;21358500;0
РУСАЛ ао;D;20221031;000000;37.25;37.65;36.5;37.115;13989170;0
РУСАЛ ао;D;20221101;000000;37.27;37.485;36.61;36.72;10226900;0
РУСАЛ ао;D;20221102;000000;36.72;36.77;35.05;35.38;10012320;0
РУСАЛ ао;D;20221103;000000;35.38;35.975;34.65;35.725;12931910;0
РУСАЛ ао;D;20221107;000000;36.3;36.99;36.04;36.985;10093900;0
РУСАЛ ао;D;20221108;000000;36.9;37.6;36.5;37.185;12691120;0
РУСАЛ ао;D;20221109;000000;37.2;38.59;36.575;37.4;24716900;0
РУСАЛ ао;D;20221110;000000;37.43;39.6;37.28;39.295;28453490;0
РУСАЛ ао;D;20221111;000000;39.695;39.695;38.5;39.39;18943610;0
РУСАЛ ао;D;20221114;000000;39.865;40.84;39.665;40.22;21281990;0
РУСАЛ ао;D;20221115;000000;40.2;40.35;36.61;38.48;27091000;0
РУСАЛ ао;D;20221116;000000;38.7;40.065;38.645;39.175;12812540;0
РУСАЛ ао;D;20221117;000000;39.1;39.455;37.66;38.57;10023530;0
РУСАЛ ао;D;20221118;000000;38.58;38.6;37.75;38.52;6770530;0
РУСАЛ ао;D;20221121;000000;38.44;38.79;37.055;37.71;8955190;0
РУСАЛ ао;D;20221122;000000;37.71;39.045;37.35;38.68;8070880;0
РУСАЛ ао;D;20221123;000000;38.76;39.45;38.195;38.455;10307200;0
РУСАЛ ао;D;20221124;000000;38.46;38.945;37.9;38.29;6601050;0
РУСАЛ ао;D;20221125;000000;38.29;38.29;37.47;37.71;6917520;0
РУСАЛ ао;D;20221128;000000;37.57;37.695;37.005;37.53;5938020;0
РУСАЛ ао;D;20221129;000000;37.7;38.18;37.2;38;9524770;0
РУСАЛ ао;D;20221130;000000;38.08;38.745;37.815;38.675;11484940;0
РУСАЛ ао;D;20221201;000000;38.72;39.715;38.57;39.555;14878350;0
РУСАЛ ао;D;20221202;000000;39.78;39.78;38.42;38.975;12072950;0
РУСАЛ ао;D;20221205;000000;39.38;40.195;39.11;39.745;15061090;0
РУСАЛ ао;D;20221206;000000;39.67;39.89;38.88;39.1;6962440;0
РУСАЛ ао;D;20221207;000000;39.1;39.445;38.56;39.13;5487410;0
РУСАЛ ао;D;20221208;000000;39.26;39.59;38.9;39.22;4525900;0
РУСАЛ ао;D;20221209;000000;39.115;39.725;39.115;39.52;5771110;0
РУСАЛ ао;D;20221212;000000;39.48;39.685;39.01;39.385;6148790;0
РУСАЛ ао;D;20221213;000000;39.45;39.835;39.31;39.755;6542750;0
РУСАЛ ао;D;20221214;000000;39.8;39.885;38.62;39.155;4057550;0
РУСАЛ ао;D;20221215;000000;39.035;39.135;37.8;37.85;14288730;0
РУСАЛ ао;D;20221216;000000;37.855;38.3;37.855;38.03;3894960;0
РУСАЛ ао;D;20221219;000000;37.91;39.9;37.85;39.495;15396230;0
РУСАЛ ао;D;20221220;000000;39.49;41.7;39.35;41.145;25182760;0
РУСАЛ ао;D;20221221;000000;41.645;41.7;39.24;40.365;20754240;0
РУСАЛ ао;D;20221222;000000;40.6;40.95;39.5;39.78;9981590;0
РУСАЛ ао;D;20221223;000000;39.78;40.15;39.31;40;5708200;0
РУСАЛ ао;D;20221226;000000;40.13;40.46;39.625;40.045;4762560;0
РУСАЛ ао;D;20221227;000000;40.065;40.58;39.91;40.48;8355070;0
РУСАЛ ао;D;20221228;000000;40.58;40.75;39.95;40.3;5978890;0
РУСАЛ ао;D;20221229;000000;40.36;40.58;40.17;40.49;2541720;0
РУСАЛ ао;D;20221230;000000;40.55;40.55;39.9;40.135;3973550;0
РУСАЛ ао;D;20230104;000000;41;41;40.5;40.82;2624690;0
РУСАЛ ао;D;20230105;000000;40.7;40.845;40.38;40.565;1935030;0
РУСАЛ ао;D;20230106;000000;40.665;40.8;40.4;40.62;1350330;0
РУСАЛ ао;D;20230109;000000;40.73;40.88;40.55;40.695;4068350;0
РУСАЛ ао;D;20230110;000000;40.72;40.72;40.01;40.545;3874820;0
РУСАЛ ао;D;20230111;000000;40.655;41.11;40.445;40.87;5848700;0
РУСАЛ ао;D;20230112;000000;40.99;40.99;40.465;40.72;3339280;0
РУСАЛ ао;D;20230113;000000;40.735;40.855;40.475;40.77;3792050;0
РУСАЛ ао;D;20230116;000000;41.19;41.505;40.82;41.47;9400800;0
РУСАЛ ао;D;20230117;000000;41.6;41.9;41.05;41.26;15151500;0
РУСАЛ ао;D;20230118;000000;41.26;41.7;40.63;41.285;9806800;0
РУСАЛ ао;D;20230119;000000;41.285;41.38;40;40.26;13321790;0
РУСАЛ ао;D;20230120;000000;40.105;40.99;40.045;40.895;5946380;0
РУСАЛ ао;D;20230123;000000;40.61;41.145;40.435;41.07;9339860;0
РУСАЛ ао;D;20230124;000000;41.18;41.4;40.83;41.18;13730140;0
РУСАЛ ао;D;20230125;000000;41.05;41.325;40.655;41.27;6906270;0
РУСАЛ ао;D;20230126;000000;41.16;41.48;40.905;41.37;6415860;0
РУСАЛ ао;D;20230127;000000;41.235;42.35;41.235;42.115;18179470;0
РУСАЛ ао;D;20230130;000000;42.4;42.695;41.54;41.99;10219860;0
РУСАЛ ао;D;20230131;000000;42.005;42.545;41.745;42.5;8848600;0
РУСАЛ ао;D;20230201;000000;42.5;43;42.1;42.65;12743050;0
РУСАЛ ао;D;20230202;000000;43.095;43.095;42.395;42.565;9647830;0
РУСАЛ ао;D;20230203;000000;42.565;42.565;41.42;42.235;9050210;0
РУСАЛ ао;D;20230206;000000;42.2;42.7;40.495;41.455;43384450;0
РУСАЛ ао;D;20230207;000000;41.405;41.43;40.45;41.015;28497590;0
РУСАЛ ао;D;20230208;000000;41.1;41.79;40.61;41.31;31317370;0
РУСАЛ ао;D;20230209;000000;41.43;41.8;41.29;41.415;9710490;0
РУСАЛ ао;D;20230210;000000;41.43;41.645;41.31;41.43;4613560;0
РУСАЛ ао;D;20230213;000000;41.4;41.47;40.925;41.12;6058650;0
РУСАЛ ао;D;20230214;000000;41.12;41.125;40.005;40.27;8322930;0
РУСАЛ ао;D;20230215;000000;40.27;40.27;37.025;38.23;26333070;0
РУСАЛ ао;D;20230216;000000;38.885;39.555;38.1;39.025;12380510;0
РУСАЛ ао;D;20230217;000000;38.79;39.155;37.815;38.71;13753320;0
РУСАЛ ао;D;20230220;000000;38.5;39.695;38.02;39.54;16854550;0
РУСАЛ ао;D;20230221;000000;39.855;40.375;39.315;39.795;13431800;0
РУСАЛ ао;D;20230222;000000;39.875;40.195;39.3;40.05;8266760;0
РУСАЛ ао;D;20230224;000000;40.175;40.23;39.1;39.38;10974210;0
РУСАЛ ао;D;20230227;000000;38.9;39.64;38.375;39.635;10211910;0
РУСАЛ ао;D;20230228;000000;39.69;39.97;39.355;39.765;7507640;0
РУСАЛ ао;D;20230301;000000;39.91;41.2;39.835;41.17;15511120;0
РУСАЛ ао;D;20230302;000000;41.18;41.195;40.53;40.725;13546400;0
РУСАЛ ао;D;20230303;000000;40.725;41.4;40.65;41.295;6761960;0
РУСАЛ ао;D;20230306;000000;41.3;41.695;41.115;41.345;4929590;0
РУСАЛ ао;D;20230307;000000;41.2;41.475;41;41.42;4355630;0
РУСАЛ ао;D;20230309;000000;41.39;41.67;40.965;41.31;5407570;0
РУСАЛ ао;D;20230310;000000;41.15;41.485;40.97;41.35;3871110;0
РУСАЛ ао;D;20230313;000000;41.395;41.935;40.525;41.095;11529590;0
РУСАЛ ао;D;20230314;000000;41.09;41.345;40.605;41.01;3987090;0
РУСАЛ ао;D;20230315;000000;41.095;41.205;39.82;40.12;8648500;0
РУСАЛ ао;D;20230316;000000;40.275;40.275;39.55;39.88;8752250;0
РУСАЛ ао;D;20230317;000000;39.85;40.25;39.625;40.03;8280390;0
РУСАЛ ао;D;20230320;000000;40.14;41.095;39.83;40.91;10889280;0
РУСАЛ ао;D;20230321;000000;41;41.08;40.3;40.57;8048730;0
РУСАЛ ао;D;20230322;000000;40.57;40.955;40.145;40.665;4665470;0
РУСАЛ ао;D;20230323;000000;40.505;41.5;40.505;41.27;10156020;0
РУСАЛ ао;D;20230324;000000;41.28;41.475;41.07;41.4;4883710;0
РУСАЛ ао;D;20230327;000000;41.4;41.86;41.27;41.395;8216250;0
РУСАЛ ао;D;20230328;000000;41.4;41.485;40.6;41.115;10553210;0
РУСАЛ ао;D;20230329;000000;41.175;41.27;40.725;41.03;6185580;0
РУСАЛ ао;D;20230330;000000;41.125;41.28;40.8;40.94;7545870;0
РУСАЛ ао;D;20230331;000000;40.93;40.995;40.155;40.4;12407650;0
РУСАЛ ао;D;20230403;000000;40.6;40.6;40.1;40.33;11179580;0
РУСАЛ ао;D;20230404;000000;40.43;40.82;40.2;40.415;10749440;0
РУСАЛ ао;D;20230405;000000;40.415;40.47;40.05;40.31;9636560;0
РУСАЛ ао;D;20230406;000000;40.395;41.46;40.27;41.155;33431690;0
РУСАЛ ао;D;20230407;000000;41.3;41.635;40.59;41.1;16932700;0
РУСАЛ ао;D;20230410;000000;41.13;42.325;41.12;41.99;34001460;0
РУСАЛ ао;D;20230411;000000;42.2;42.995;41.355;42;41035600;0
РУСАЛ ао;D;20230412;000000;42.08;42.335;41.61;42.045;7895230;0
РУСАЛ ао;D;20230413;000000;42.175;42.655;41.705;42.035;11305800;0
РУСАЛ ао;D;20230414;000000;42.03;42.56;41.795;42.37;8879000;0
РУСАЛ ао;D;20230417;000000;42.7;42.765;42.1;42.525;11536270;0
РУСАЛ ао;D;20230418;000000;42.7;44;42.025;43.89;28745340;0
РУСАЛ ао;D;20230419;000000;43.91;44.4;42.83;43.16;24838820;0
РУСАЛ ао;D;20230420;000000;43.175;43.325;42.23;42.975;18714400;0
РУСАЛ ао;D;20230421;000000;42.91;43.4;42.59;43.06;8929920;0
РУСАЛ ао;D;20230424;000000;42.88;43.42;42.7;43.055;7441800;0
РУСАЛ ао;D;20230425;000000;43.105;43.175;41.82;42.09;12345250;0
РУСАЛ ао;D;20230426;000000;42.1;42.595;41.6;41.64;11120520;0
РУСАЛ ао;D;20230427;000000;41.81;41.81;40.8;41.485;16767860;0
РУСАЛ ао;D;20230428;000000;41.65;41.65;40.7;40.865;15440180;0
РУСАЛ ао;D;20230502;000000;40.83;41.225;39.795;40.14;17230230;0
РУСАЛ ао;D;20230503;000000;40.255;40.455;39.22;39.825;18674520;0
РУСАЛ ао;D;20230504;000000;39.83;40.305;39.83;40.2;7241490;0
РУСАЛ ао;D;20230505;000000;40.25;40.455;39.875;40.085;5530820;0
РУСАЛ ао;D;20230508;000000;40.195;40.27;39.61;39.75;4132730;0
РУСАЛ ао;D;20230510;000000;39.76;40.935;39.76;40.745;8542250;0
РУСАЛ ао;D;20230511;000000;40.83;41.26;40.2;40.56;13520900;0
РУСАЛ ао;D;20230512;000000;40.79;40.79;40.12;40.39;4975070;0
РУСАЛ ао;D;20230515;000000;40.51;41.24;40.44;41.21;7071520;0
РУСАЛ ао;D;20230516;000000;41.25;41.45;40.8;41.14;7554890;0
РУСАЛ ао;D;20230517;000000;41.13;41.165;40.555;41.04;6306970;0
РУСАЛ ао;D;20230518;000000;41.04;41.325;40.72;41.08;9137220;0
РУСАЛ ао;D;20230519;000000;40.9;40.94;39.22;40.23;14697570;0
РУСАЛ ао;D;20230522;000000;40.21;40.625;39.9;40.025;6936940;0
РУСАЛ ао;D;20230523;000000;40.12;40.6;39.45;40.09;16505520;0
РУСАЛ ао;D;20230524;000000;40.155;40.335;39.5;39.725;13358510;0
РУСАЛ ао;D;20230525;000000;39.7;39.88;38.805;39.17;18647140;0
РУСАЛ ао;D;20230526;000000;39.05;39.475;39.01;39.31;6612740;0
РУСАЛ ао;D;20230529;000000;39.495;39.83;39.25;39.635;10976030;0
РУСАЛ ао;D;20230530;000000;39.45;39.69;38.12;39.285;10389290;0
РУСАЛ ао;D;20230531;000000;39.27;39.305;38.82;39.095;12923930;0
РУСАЛ ао;D;20230601;000000;39.02;39.59;39.02;39.28;7908600;0
РУСАЛ ао;D;20230602;000000;39.355;39.57;39.15;39.485;5886750;0
РУСАЛ ао;D;20230605;000000;39.62;40.18;38.32;39.155;24737320;0
РУСАЛ ао;D;20230606;000000;38.77;39.235;38.14;38.695;19498360;0
РУСАЛ ао;D;20230607;000000;38.87;38.87;38.255;38.37;10929180;0
РУСАЛ ао;D;20230608;000000;38.285;38.69;38.285;38.54;7724660;0
РУСАЛ ао;D;20230609;000000;38.47;38.83;38.47;38.55;5183340;0
РУСАЛ ао;D;20230613;000000;38.83;38.97;38.505;38.82;12796250;0
РУСАЛ ао;D;20230614;000000;38.9;38.98;38.4;38.61;15007460;0
РУСАЛ ао;D;20230615;000000;38.73;39.87;38.6;39.855;23736420;0
РУСАЛ ао;D;20230616;000000;39.975;40.985;39.675;40.59;34532630;0
РУСАЛ ао;D;20230619;000000;40.72;40.89;40.12;40.705;17618450;0
РУСАЛ ао;D;20230620;000000;40.83;40.98;40.13;40.505;13808910;0
РУСАЛ ао;D;20230621;000000;40.73;40.85;40.3;40.49;15265930;0
РУСАЛ ао;D;20230622;000000;40.55;40.55;39.76;39.9;17159030;0
РУСАЛ ао;D;20230623;000000;39.705;39.825;38.82;39.075;21754020;0
РУСАЛ ао;D;20230626;000000;39.2;39.5;38.4;38.915;19281930;0
РУСАЛ ао;D;20230627;000000;39.095;39.34;38.47;39.09;13070870;0
РУСАЛ ао;D;20230628;000000;39.265;39.95;39.09;39.485;23147780;0
РУСАЛ ао;D;20230629;000000;39.6;39.69;39.1;39.32;9920870;0
РУСАЛ ао;D;20230630;000000;39.4;39.445;39;39.23;7542790;0
РУСАЛ ао;D;20230703;000000;39.25;39.905;39.25;39.625;15583310;0
РУСАЛ ао;D;20230704;000000;39.685;40.35;39.42;40;17771570;0
РУСАЛ ао;D;20230705;000000;40.16;41.43;40.08;41.28;40435670;0
РУСАЛ ао;D;20230706;000000;41.46;41.99;40.805;41.4;40803600;0
РУСАЛ ао;D;20230707;000000;41.51;41.725;41;41.145;15147960;0
РУСАЛ ао;D;20230710;000000;41.41;41.6;41.15;41.345;14613020;0
РУСАЛ ао;D;20230711;000000;41.34;41.395;40.61;41.005;19019560;0
РУСАЛ ао;D;20230712;000000;41.1;41.7;41;41.5;14716900;0
РУСАЛ ао;D;20230713;000000;41.68;41.69;40.965;41.16;12828280;0
РУСАЛ ао;D;20230714;000000;41.265;42.2;40.995;41.97;32936600;0
РУСАЛ ао;D;20230717;000000;41.97;42.9;41.88;42.86;32501090;0
РУСАЛ ао;D;20230718;000000;42.895;43.05;42.4;42.68;28555850;0
РУСАЛ ао;D;20230719;000000;42.7;42.875;41.92;42.375;17913960;0
РУСАЛ ао;D;20230720;000000;42.46;42.485;41.41;41.485;16871480;0
РУСАЛ ао;D;20230721;000000;41.485;41.8;41.105;41.55;18402090;0
РУСАЛ ао;D;20230724;000000;41.87;43.55;41.55;43.21;35515370;0
РУСАЛ ао;D;20230725;000000;43.29;43.78;42.905;43.4;30238640;0
РУСАЛ ао;D;20230726;000000;43.47;43.6;42.6;43.115;16905370;0
РУСАЛ ао;D;20230727;000000;43.2;43.6;42.57;43.015;25094390;0
РУСАЛ ао;D;20230728;000000;42.935;43.345;42.68;42.975;14614430;0
РУСАЛ ао;D;20230731;000000;43.2;44.23;43.15;44.18;36470620;0
РУСАЛ ао;D;20230801;000000;44.495;44.85;43.455;44.07;39981480;0
РУСАЛ ао;D;20230802;000000;44.03;44.49;43.8;43.95;19355750;0
РУСАЛ ао;D;20230803;000000;44;44.115;43.5;44.015;19601650;0
РУСАЛ ао;D;20230804;000000;44.095;44.9;42.09;42.765;52203070;0
РУСАЛ ао;D;20230807;000000;42.99;43.74;42.5;43.135;25807110;0
РУСАЛ ао;D;20230808;000000;43;43.065;42.08;42.845;14021080;0
РУСАЛ ао;D;20230809;000000;42.85;43.37;42.62;43.15;10568310;0
РУСАЛ ао;D;20230810;000000;43;43.495;42.905;43.4;17989970;0
РУСАЛ ао;D;20230811;000000;43.1;43.34;42.65;43.05;19238270;0
РУСАЛ ао;D;20230814;000000;43.25;44.8;42.555;42.85;52787760;0
РУСАЛ ао;D;20230815;000000;42.26;43.43;41.965;42.535;26441240;0
РУСАЛ ао;D;20230816;000000;42.555;42.875;40.6;41.145;30552790;0
РУСАЛ ао;D;20230817;000000;41.2;41.73;40.605;41.18;21891680;0
РУСАЛ ао;D;20230818;000000;41.295;41.36;40.7;41.215;20279300;0
РУСАЛ ао;D;20230821;000000;41.775;42.445;41.5;42.19;22314380;0
РУСАЛ ао;D;20230822;000000;42.335;42.335;41.7;42.005;13337860;0
РУСАЛ ао;D;20230823;000000;42.005;42.09;40.845;40.915;21401950;0
РУСАЛ ао;D;20230824;000000;40.98;41.375;40.85;41.275;11856680;0
РУСАЛ ао;D;20230825;000000;41.385;41.385;40.92;41.16;11251090;0
РУСАЛ ао;D;20230828;000000;41.185;41.94;41.16;41.8;17633500;0
РУСАЛ ао;D;20230829;000000;41.8;41.915;41.245;41.5;18594410;0
РУСАЛ ао;D;20230830;000000;41.595;41.67;41;41.31;13408280;0
РУСАЛ ао;D;20230831;000000;41.35;42.1;41.31;42;21794710;0
РУСАЛ ао;D;20230901;000000;42.15;42.2;41.735;41.93;12483070;0
РУСАЛ ао;D;20230904;000000;42;44.155;42;44.045;77055910;0
РУСАЛ ао;D;20230905;000000;44.05;44.09;43.21;43.42;25947610;0
РУСАЛ ао;D;20230906;000000;43.205;43.34;42.505;42.94;25819390;0
РУСАЛ ао;D;20230907;000000;43.1;44.1;42.16;42.53;42316590;0
РУСАЛ ао;D;20230908;000000;42.53;42.85;41.405;42.255;24023010;0
РУСАЛ ао;D;20230911;000000;42.25;42.6;41.745;42.025;13167110;0
РУСАЛ ао;D;20230912;000000;42.13;43.2;42.13;42.9;16350620;0
РУСАЛ ао;D;20230913;000000;43;43;42.25;42.455;8085190;0
РУСАЛ ао;D;20230914;000000;42.455;42.585;41.63;42.175;13636770;0
РУСАЛ ао;D;20230915;000000;42.4;42.69;41.905;42.5;10028230;0
РУСАЛ ао;D;20230918;000000;42.78;43.35;42.41;42.53;10749630;0
РУСАЛ ао;D;20230919;000000;42.5;42.51;40.69;40.895;22905830;0
РУСАЛ ао;D;20230920;000000;40.755;41.62;40.32;40.92;21366170;0
РУСАЛ ао;D;20230921;000000;40.795;42.1;40.2;41.5;22662920;0
РУСАЛ ао;D;20230922;000000;41.395;41.48;40.3;40.685;24724720;0
РУСАЛ ао;D;20230925;000000;40.74;40.74;39.995;40.075;12934620;0
РУСАЛ ао;D;20230926;000000;40.065;40.1;39.125;39.7;20652230;0
РУСАЛ ао;D;20230927;000000;39.975;40.575;39.6;40.11;15406290;0
РУСАЛ ао;D;20230928;000000;40.11;41.36;39.97;41.01;13028140;0
РУСАЛ ао;D;20230929;000000;41.01;41.7;40.705;41.285;16228190;0
РУСАЛ ао;D;20231002;000000;41.68;41.97;40.35;40.565;20524490;0
РУСАЛ ао;D;20231003;000000;40.55;40.915;39.91;40.54;9660230;0
РУСАЛ ао;D;20231004;000000;40.54;40.675;40.005;40.095;7247220;0
РУСАЛ ао;D;20231005;000000;40.095;40.165;39.8;40.09;7423440;0
РУСАЛ ао;D;20231006;000000;40.11;40.195;39.84;40.08;7404470;0
РУСАЛ ао;D;20231009;000000;40.15;40.44;39.995;40.07;8684810;0
РУСАЛ ао;D;20231010;000000;40.07;40.74;39.995;40.46;9487830;0
РУСАЛ ао;D;20231011;000000;40.3;40.57;39.535;39.635;15984800;0
РУСАЛ ао;D;20231012;000000;39.61;39.88;39.45;39.705;11659190;0
РУСАЛ ао;D;20231013;000000;39.89;39.89;39.5;39.61;9714640;0
РУСАЛ ао;D;20231016;000000;39.61;40.635;39.56;40.42;19132400;0
РУСАЛ ао;D;20231017;000000;40.495;40.605;40.025;40.195;8673960;0
РУСАЛ ао;D;20231018;000000;40.15;40.42;39.885;39.995;8057230;0
РУСАЛ ао;D;20231019;000000;39.995;40.16;39.715;39.915;7794940;0
РУСАЛ ао;D;20231020;000000;39.92;41.12;39.82;40.685;32728500;0
РУСАЛ ао;D;20231023;000000;40.7;40.875;40.305;40.54;8423260;0
РУСАЛ ао;D;20231024;000000;40.9;40.97;40.545;40.665;10085250;0
РУСАЛ ао;D;20231025;000000;40.795;40.855;40.12;40.275;11027160;0
РУСАЛ ао;D;20231026;000000;40.24;40.495;39.85;39.87;14189650;0
РУСАЛ ао;D;20231027;000000;39.87;40.195;39.375;39.995;12796330;0
РУСАЛ ао;D;20231030;000000;40.07;40.28;39.62;39.735;9149100;0
РУСАЛ ао;D;20231031;000000;39.74;39.85;39.22;39.34;15375380;0
РУСАЛ ао;D;20231101;000000;39.34;39.67;39.3;39.415;5173470;0
РУСАЛ ао;D;20231102;000000;39.44;39.845;39.025;39.325;7347260;0
РУСАЛ ао;D;20231103;000000;39.335;40.59;39.06;40.225;32227660;0
РУСАЛ ао;D;20231106;000000;40.365;40.46;39.75;40.015;9667720;0
РУСАЛ ао;D;20231107;000000;40.015;40.4;39.795;40.245;9115010;0
РУСАЛ ао;D;20231108;000000;40.245;40.395;39.96;40.055;7454680;0
РУСАЛ ао;D;20231109;000000;40.055;40.28;39.745;40.06;8990460;0
РУСАЛ ао;D;20231110;000000;40.12;40.42;39.26;39.745;22170840;0
РУСАЛ ао;D;20231113;000000;39.745;39.99;39.41;39.465;7938190;0
РУСАЛ ао;D;20231114;000000;39.415;39.58;38.66;39.28;13537120;0
РУСАЛ ао;D;20231115;000000;39.34;39.43;38.835;39.275;6956510;0
РУСАЛ ао;D;20231116;000000;39.335;39.43;38.965;39.035;6630550;0
РУСАЛ ао;D;20231117;000000;39.035;39.3;38.685;39.04;7977890;0
РУСАЛ ао;D;20231120;000000;39.035;39.16;38.81;39;4486090;0
РУСАЛ ао;D;20231121;000000;38.985;38.995;38.8;38.915;4633730;0
РУСАЛ ао;D;20231122;000000;38.875;39.045;38.55;38.63;8912260;0
РУСАЛ ао;D;20231123;000000;38.795;38.795;38.29;38.3;5442330;0
РУСАЛ ао;D;20231124;000000;38.18;38.58;37.855;37.975;8471570;0
РУСАЛ ао;D;20231127;000000;38.085;38.1;37.6;37.73;8350920;0
РУСАЛ ао;D;20231128;000000;37.75;38.05;36.92;37.85;19414980;0
РУСАЛ ао;D;20231129;000000;37.88;38.34;37.03;37.285;14620550;0
РУСАЛ ао;D;20231130;000000;37.285;37.39;36.515;36.65;12336790;0
РУСАЛ ао;D;20231201;000000;36.645;37.085;36.575;36.755;9643630;0
РУСАЛ ао;D;20231204;000000;36.9;37.29;35.61;35.805;14728060;0
РУСАЛ ао;D;20231205;000000;35.9;36.545;35.9;36.395;11055750;0
РУСАЛ ао;D;20231206;000000;36.42;36.64;35.18;35.58;16735420;0
РУСАЛ ао;D;20231207;000000;35.58;36.15;35.34;36;7063480;0
РУСАЛ ао;D;20231208;000000;36.1;36.175;35.6;35.745;7214350;0
РУСАЛ ао;D;20231211;000000;35.7;35.84;34.71;34.73;17794830;0
РУСАЛ ао;D;20231212;000000;34.64;35.16;34.48;34.685;16019300;0
РУСАЛ ао;D;20231213;000000;34.49;35.22;34.49;35.17;8470530;0
РУСАЛ ао;D;20231214;000000;35.1;35.48;34.565;34.655;8513980;0
РУСАЛ ао;D;20231215;000000;34.55;35.465;34.5;35.31;7034660;0
РУСАЛ ао;D;20231218;000000;35.3;35.635;35.03;35.35;14932400;0
РУСАЛ ао;D;20231219;000000;35.415;35.535;35.14;35.35;7936240;0
РУСАЛ ао;D;20231220;000000;35.35;35.5;35.15;35.19;9591420;0
РУСАЛ ао;D;20231221;000000;35.105;35.21;34.505;34.855;13058510;0
РУСАЛ ао;D;20231222;000000;34.96;35.055;34.55;34.72;12850280;0
РУСАЛ ао;D;20231225;000000;34.86;34.91;34;34.225;22490070;0
РУСАЛ ао;D;20231226;000000;34.2;34.35;33.875;34.085;14187170;0
РУСАЛ ао;D;20231227;000000;34.095;34.67;33.96;34.21;17310250;0
РУСАЛ ао;D;20231228;000000;34.225;34.445;33.7;33.715;14187370;0
РУСАЛ ао;D;20231229;000000;33.865;34.34;33.73;34.015;11019160;0
РУСАЛ ао;D;20240103;000000;34.3;34.75;34.13;34.71;6929290;0
РУСАЛ ао;D;20240104;000000;34.7;35.345;34.625;35.1;11475930;0
РУСАЛ ао;D;20240105;000000;35.24;35.24;34.82;34.91;3715880;0
РУСАЛ ао;D;20240108;000000;35;35.25;34.9;35.12;7068850;0
РУСАЛ ао;D;20240109;000000;35.25;35.25;34.6;34.96;9192280;0
РУСАЛ ао;D;20240110;000000;35.06;35.095;34.755;34.825;9366020;0
РУСАЛ ао;D;20240111;000000;34.875;36.06;34.615;35.775;35376720;0
РУСАЛ ао;D;20240112;000000;35.84;36.4;35.575;35.7;24028080;0
РУСАЛ ао;D;20240115;000000;35.9;36.085;35.335;35.7;14944860;0
РУСАЛ ао;D;20240116;000000;35.7;35.76;35.155;35.33;15614540;0
РУСАЛ ао;D;20240117;000000;35.33;35.475;35.26;35.45;8834660;0
РУСАЛ ао;D;20240118;000000;35.56;35.99;35.3;35.3;17344190;0
РУСАЛ ао;D;20240119;000000;35.385;35.44;35.005;35.11;15301700;0
РУСАЛ ао;D;20240122;000000;35.07;35.32;34.86;35.195;8326150;0
РУСАЛ ао;D;20240123;000000;35.265;35.27;34.725;34.835;17700530;0
РУСАЛ ао;D;20240124;000000;34.84;34.935;34.22;34.905;17490320;0
РУСАЛ ао;D;20240125;000000;34.935;35.2;34.705;34.8;13410500;0
РУСАЛ ао;D;20240126;000000;34.9;35.03;34.605;34.65;6224300;0
РУСАЛ ао;D;20240129;000000;34.89;34.95;34.65;34.755;5964500;0
РУСАЛ ао;D;20240130;000000;34.755;35.27;34.745;35.065;13791320;0
РУСАЛ ао;D;20240131;000000;35.18;35.475;35;35.285;10061170;0
РУСАЛ ао;D;20240201;000000;35.285;35.665;35.175;35.425;16972140;0
РУСАЛ ао;D;20240202;000000;35.52;35.555;35.22;35.34;6786970;0
РУСАЛ ао;D;20240205;000000;35.495;36.07;35.385;36.015;16686980;0
РУСАЛ ао;D;20240206;000000;36.07;36.88;35.75;36.52;38464650;0
РУСАЛ ао;D;20240207;000000;36.555;36.555;36.065;36.23;14864780;0
РУСАЛ ао;D;20240208;000000;36.25;36.335;35.35;35.51;15240410;0
РУСАЛ ао;D;20240209;000000;35.54;35.78;35.32;35.49;9889770;0
РУСАЛ ао;D;20240212;000000;35.495;35.645;35.12;35.36;11171980;0
РУСАЛ ао;D;20240213;000000;35.475;35.8;35.045;35.31;12740320;0
РУСАЛ ао;D;20240214;000000;35.36;35.63;35.31;35.34;7764670;0
РУСАЛ ао;D;20240215;000000;35.43;35.43;35;35.115;9176420;0
РУСАЛ ао;D;20240216;000000;35.29;35.335;34.71;34.78;11071430;0
РУСАЛ ао;D;20240219;000000;34.785;34.955;34.315;34.52;12356220;0
РУСАЛ ао;D;20240220;000000;34.52;34.85;33.8;33.905;15004330;0
РУСАЛ ао;D;20240221;000000;33.9;34.58;33.8;34.265;18394760;0
РУСАЛ ао;D;20240222;000000;34.27;34.5;33.86;34.005;6984970;0
РУСАЛ ао;D;20240226;000000;34.02;35.01;34.02;34.5;19263150;0
РУСАЛ ао;D;20240227;000000;34.5;34.6;34.025;34.28;8533990;0
РУСАЛ ао;D;20240228;000000;34.28;34.545;34.17;34.215;5450950;0
РУСАЛ ао;D;20240229;000000;34.32;35.29;34.1;34.805;12401760;0
РУСАЛ ао;D;20240301;000000;34.8;34.98;34.455;34.55;5444450;0
РУСАЛ ао;D;20240304;000000;34.555;35.37;34.555;34.765;12335090;0
РУСАЛ ао;D;20240305;000000;34.765;34.845;34.37;34.55;6932230;0
РУСАЛ ао;D;20240306;000000;34.575;34.785;34.25;34.61;8947790;0
РУСАЛ ао;D;20240307;000000;34.745;34.745;34.245;34.51;6295570;0
РУСАЛ ао;D;20240311;000000;34.525;34.79;34.48;34.56;8317890;0
РУСАЛ ао;D;20240312;000000;34.615;35.15;34.285;35.105;9113630;0
РУСАЛ ао;D;20240313;000000;35.13;35.22;34.91;34.95;9495070;0
РУСАЛ ао;D;20240314;000000;34.95;35.3;34.79;34.94;10135740;0
РУСАЛ ао;D;20240315;000000;34.005;34.94;33.71;34.74;26906060;0
РУСАЛ ао;D;20240318;000000;34.74;35.075;34.705;34.765;6489960;0
РУСАЛ ао;D;20240319;000000;34.715;34.835;33.995;34.08;14094570;0
РУСАЛ ао;D;20240320;000000;34.05;34.325;33.85;33.99;10341660;0
РУСАЛ ао;D;20240321;000000;33.9;34.11;33.55;34.01;26164180;0
РУСАЛ ао;D;20240322;000000;34;34.25;33.225;33.535;12086430;0
РУСАЛ ао;D;20240325;000000;33.52;33.8;33.225;33.495;15592290;0
РУСАЛ ао;D;20240326;000000;33.49;33.49;33.24;33.3;6059890;0
РУСАЛ ао;D;20240327;000000;33.3;33.47;33.005;33.325;7373970;0
РУСАЛ ао;D;20240328;000000;33.36;34.435;33.2;34.28;23104950;0
РУСАЛ ао;D;20240329;000000;34.4;34.4;33.92;33.98;8069440;0
РУСАЛ ао;D;20240401;000000;34.015;34.685;34.015;34.345;11298630;0
РУСАЛ ао;D;20240402;000000;34.44;34.495;33.9;34.33;11364300;0
РУСАЛ ао;D;20240403;000000;34.435;37.275;34.35;37.2;90013950;0
РУСАЛ ао;D;20240404;000000;37.055;39.42;36.44;38.5;282736060;0
РУСАЛ ао;D;20240405;000000;38.4;38.825;37.555;38.225;80349520;0
РУСАЛ ао;D;20240408;000000;38.2;39.725;38.2;39.19;72418510;0
РУСАЛ ао;D;20240409;000000;39.33;40.225;38.215;39.03;69223590;0
РУСАЛ ао;D;20240410;000000;39.295;41.31;39.06;41.06;160854600;0
РУСАЛ ао;D;20240411;000000;41.17;41.84;40.81;41.555;72255720;0
РУСАЛ ао;D;20240412;000000;41.7;42.785;41.65;42.5;93003370;0
РУСАЛ ао;D;20240415;000000;42;43.18;41.1;41.92;165638470;0
РУСАЛ ао;D;20240416;000000;41.5;41.835;40.175;40.485;106831930;0
РУСАЛ ао;D;20240417;000000;40.75;41.19;39.915;40.655;55585490;0
РУСАЛ ао;D;20240418;000000;40.685;41.65;40.685;41.355;37562960;0
РУСАЛ ао;D;20240419;000000;41.2;41.32;40.65;41.16;24872260;0
РУСАЛ ао;D;20240422;000000;41.16;42.095;40.73;41.59;41548800;0
РУСАЛ ао;D;20240423;000000;42.155;42.9;41.75;41.89;56128000;0
РУСАЛ ао;D;20240424;000000;42;42.58;41.585;42.305;26435430;0
РУСАЛ ао;D;20240425;000000;42.305;43.39;42;43.375;35810580;0
РУСАЛ ао;D;20240426;000000;43.4;43.845;43.02;43.355;32998050;0
РУСАЛ ао;D;20240427;000000;43.37;44;43.105;43.84;20966140;0
РУСАЛ ао;D;20240429;000000;43.84;43.95;43.345;43.815;8164820;0
РУСАЛ ао;D;20240430;000000;43.885;43.885;43.13;43.53;7163380;0
РУСАЛ ао;D;20240502;000000;43.425;43.58;42.21;42.45;25731820;0
РУСАЛ ао;D;20240503;000000;42.45;42.79;41.56;42.79;26200430;0
РУСАЛ ао;D;20240506;000000;42.505;42.9;42.02;42.295;18642370;0
РУСАЛ ао;D;20240507;000000;42.35;42.55;42.005;42.255;8473110;0
РУСАЛ ао;D;20240508;000000;42.255;43;42.08;42.85;12457670;0
РУСАЛ ао;D;20240510;000000;42.905;43.43;42.355;42.5;10568460;0
РУСАЛ ао;D;20240513;000000;42.6;42.735;42.07;42.41;11627240;0
РУСАЛ ао;D;20240514;000000;42.495;43.15;42.12;42.795;15424080;0
РУСАЛ ао;D;20240515;000000;43.395;45.18;43.145;44.515;113045350;0
РУСАЛ ао;D;20240516;000000;44.6;44.72;42.9;43.255;70430530;0
РУСАЛ ао;D;20240517;000000;43.1;45.93;42.61;44.195;62446170;0
РУСАЛ ао;D;20240520;000000;44.25;44.465;42.8;42.995;27781880;0
РУСАЛ ао;D;20240521;000000;42.995;44.445;42.25;44.16;35100770;0
РУСАЛ ао;D;20240522;000000;44.1;44.68;43.53;43.92;30882850;0
РУСАЛ ао;D;20240523;000000;43.8;45.7;43.35;45.07;61509050;0
РУСАЛ ао;D;20240524;000000;45.1;45.625;44.05;44.21;36885350;0
РУСАЛ ао;D;20240527;000000;44.075;44.695;42.905;43.465;28639590;0
РУСАЛ ао;D;20240528;000000;43.615;44.2;43.2;43.89;14692550;0
РУСАЛ ао;D;20240529;000000;44.02;45.4;43.935;45.175;27345390;0
РУСАЛ ао;D;20240530;000000;45.015;45.875;43.64;43.855;29510530;0
РУСАЛ ао;D;20240531;000000;43.855;44.325;41.88;42.915;26603040;0
РУСАЛ ао;D;20240603;000000;42.76;43.1;40.81;42.1;37701610;0
РУСАЛ ао;D;20240604;000000;42.1;42.66;41.325;42.47;14621970;0
РУСАЛ ао;D;20240605;000000;42.635;43.69;41.99;42.095;17117670;0
РУСАЛ ао;D;20240606;000000;42.22;42.775;41.81;42.52;12119510;0
РУСАЛ ао;D;20240607;000000;42.5;43.5;41.7;42.22;25254440;0
РУСАЛ ао;D;20240610;000000;42.15;42.71;41.34;41.71;18495470;0
РУСАЛ ао;D;20240611;000000;41.6;42.69;41.1;42.205;23665550;0
РУСАЛ ао;D;20240613;000000;40.57;44.16;40.57;43.81;43843440;0
РУСАЛ ао;D;20240614;000000;43.82;44.385;43.115;44.11;30621490;0
РУСАЛ ао;D;20240617;000000;44.125;44.24;42.76;43.065;19736090;0
РУСАЛ ао;D;20240618;000000;42.925;43.065;41.39;42;20568190;0
РУСАЛ ао;D;20240619;000000;41.83;42.535;41.13;41.825;24169030;0
РУСАЛ ао;D;20240620;000000;41.71;44.5;41.705;42.92;44408380;0
РУСАЛ ао;D;20240621;000000;42.985;43.42;42.02;42.38;17512490;0
РУСАЛ ао;D;20240624;000000;42.24;43.1;41.965;42.11;12479320;0
РУСАЛ ао;D;20240625;000000;42;42.85;42;42.845;15745980;0
РУСАЛ ао;D;20240626;000000;42.845;42.995;42.245;42.36;6203340;0
РУСАЛ ао;D;20240627;000000;42.33;42.425;41.645;42.175;7439790;0
РУСАЛ ао;D;20240628;000000;42.135;42.8;41.85;42.285;6849470;0
РУСАЛ ао;D;20240701;000000;42.32;42.8;42.165;42.76;9642000;0
РУСАЛ ао;D;20240702;000000;42.78;43;42.525;42.7;8277730;0
РУСАЛ ао;D;20240703;000000;42.755;42.92;42;42.2;7926000;0
РУСАЛ ао;D;20240704;000000;42.18;42.425;41.905;42.035;6945810;0
РУСАЛ ао;D;20240705;000000;41.95;42.345;41.73;42.185;9558340;0
РУСАЛ ао;D;20240708;000000;42.19;42.5;41.295;41.54;8325830;0
РУСАЛ ао;D;20240709;000000;41.54;41.645;40.95;41.15;11716810;0
РУСАЛ ао;D;20240710;000000;41.13;41.7;38.9;39;23608100;0
РУСАЛ ао;D;20240711;000000;39;40.495;39;40.4;13657910;0
РУСАЛ ао;D;20240712;000000;40.465;40.675;39.02;39.245;11863350;0
РУСАЛ ао;D;20240715;000000;38.995;38.995;37;37.435;20578160;0
РУСАЛ ао;D;20240716;000000;37.435;38.58;36.56;38.295;18289580;0
РУСАЛ ао;D;20240717;000000;38.4;38.65;37.585;37.705;10115020;0
РУСАЛ ао;D;20240718;000000;37.895;38.6;37.175;38.6;13246820;0
РУСАЛ ао;D;20240719;000000;38.6;38.795;37.93;38.2;11146840;0
РУСАЛ ао;D;20240722;000000;38.32;39.18;38.21;38.775;11840840;0
РУСАЛ ао;D;20240723;000000;38.99;38.99;38;38.295;9387690;0
РУСАЛ ао;D;20240724;000000;38.295;38.48;37.81;37.975;11299420;0
РУСАЛ ао;D;20240725;000000;37.89;38.2;37.485;37.61;19157800;0
РУСАЛ ао;D;20240726;000000;37.58;37.98;35.265;35.945;41070100;0
РУСАЛ ао;D;20240729;000000;35.5;35.63;34.4;34.54;22879390;0
РУСАЛ ао;D;20240730;000000;34.4;35.08;34.09;34.56;23161810;0
РУСАЛ ао;D;20240731;000000;34.6;34.865;34.47;34.805;11717630;0
РУСАЛ ао;D;20240801;000000;34.83;35.31;34.255;34.5;13559500;0
РУСАЛ ао;D;20240802;000000;34.63;34.67;34;34.325;12179790;0
РУСАЛ ао;D;20240805;000000;33.935;34.04;33.115;33.37;19211860;0
РУСАЛ ао;D;20240806;000000;33.505;34;33.505;33.745;8690100;0
РУСАЛ ао;D;20240807;000000;33.835;34.96;33.36;34.795;21540350;0
РУСАЛ ао;D;20240808;000000;34.78;35.235;34.075;34.75;28600240;0
РУСАЛ ао;D;20240809;000000;34.75;35.2;34.2;34.425;13140220;0
РУСАЛ ао;D;20240812;000000;34.3;34.955;34.28;34.745;10563980;0
РУСАЛ ао;D;20240813;000000;34.8;35.575;34.76;35.465;17162680;0
РУСАЛ ао;D;20240814;000000;35.69;35.8;34.345;34.59;20297650;0
РУСАЛ ао;D;20240815;000000;34.68;34.68;34.335;34.335;6139670;0
РУСАЛ ао;D;20240816;000000;34.33;34.47;34.015;34.29;6873970;0
РУСАЛ ао;D;20240819;000000;34.205;34.205;33.74;33.8;11629620;0
РУСАЛ ао;D;20240820;000000;33.8;34.55;33.7;34.395;8580420;0
РУСАЛ ао;D;20240821;000000;34.5;34.7;33.705;33.965;11106230;0
РУСАЛ ао;D;20240822;000000;33.95;34.195;30.99;31.69;31974930;0
РУСАЛ ао;D;20240823;000000;31.7;33.25;31.2;33.25;37421410;0
РУСАЛ ао;D;20240826;000000;33.62;34.27;32.73;33.39;26074930;0
РУСАЛ ао;D;20240827;000000;33.43;33.6;32.515;32.79;11774500;0
РУСАЛ ао;D;20240828;000000;32.725;33.345;31.55;32.73;16996070;0
РУСАЛ ао;D;20240829;000000;32.85;33.735;31.61;32.5;28345130;0
РУСАЛ ао;D;20240830;000000;32.4;32.775;31;31.36;15898090;0
РУСАЛ ао;D;20240902;000000;31.01;31.44;30.005;30.33;20114470;0
РУСАЛ ао;D;20240903;000000;30.33;31.245;29.27;29.54;24103360;0
РУСАЛ ао;D;20240904;000000;29.54;31.315;29.345;31.085;20021050;0
РУСАЛ ао;D;20240905;000000;31.355;31.38;30.35;30.595;13987190;0
РУСАЛ ао;D;20240906;000000;30;31.6;29.8;30.91;46731740;0
РУСАЛ ао;D;20240909;000000;31.085;31.39;30.515;31.34;17565360;0
РУСАЛ ао;D;20240910;000000;31.41;31.815;30.505;30.9;18775460;0
РУСАЛ ао;D;20240911;000000;30.84;31.38;30.04;30.1;16224150;0
РУСАЛ ао;D;20240912;000000;30.27;30.445;29.8;30.265;17729730;0
РУСАЛ ао;D;20240913;000000;30.265;30.515;29.1;30.32;25730000;0
РУСАЛ ао;D;20240916;000000;30.5;31.315;30.43;31.185;20836690;0
РУСАЛ ао;D;20240917;000000;31.2;31.5;30.64;31.255;14089910;0
РУСАЛ ао;D;20240918;000000;31.38;31.44;30.57;31.06;13170930;0
РУСАЛ ао;D;20240919;000000;31.22;32.36;31.03;31.745;34668410;0
РУСАЛ ао;D;20240920;000000;31.9;32.085;31.535;31.85;11805380;0
РУСАЛ ао;D;20240923;000000;32;32.68;31.8;32.525;14262860;0
РУСАЛ ао;D;20240924;000000;32.67;34.265;32.2;33.675;49349060;0
РУСАЛ ао;D;20240925;000000;33.75;34.9;33.31;33.76;50023320;0
РУСАЛ ао;D;20240926;000000;33.6;34.575;33.6;34.495;23820370;0
РУСАЛ ао;D;20240927;000000;34.655;35.19;34.46;34.835;26994970;0
РУСАЛ ао;D;20240930;000000;34.905;35.485;34.14;34.14;25013630;0
РУСАЛ ао;D;20241001;000000;33.985;34.655;33.935;34.47;14049430;0
РУСАЛ ао;D;20241002;000000;34.54;34.89;33.55;33.785;14123480;0
РУСАЛ ао;D;20241003;000000;33.78;34.87;33.365;34.77;17361610;0
РУСАЛ ао;D;20241004;000000;34.8;35.42;34.355;34.97;14378150;0
РУСАЛ ао;D;20241007;000000;34.975;35.195;34.405;34.765;16303480;0
РУСАЛ ао;D;20241008;000000;33.985;35.075;33.32;34.96;35608120;0
РУСАЛ ао;D;20241009;000000;34.785;34.845;33.5;34.025;30089310;0
РУСАЛ ао;D;20241010;000000;34.185;34.185;33.5;33.59;9236370;0
РУСАЛ ао;D;20241011;000000;33.5;34;33.06;33.71;16546120;0
РУСАЛ ао;D;20241014;000000;33.68;34.405;33.13;34.115;11537450;0
РУСАЛ ао;D;20241015;000000;33.995;34.84;33.855;34.49;10134980;0
РУСАЛ ао;D;20241016;000000;34.62;34.95;34.13;34.375;9152770;0
РУСАЛ ао;D;20241017;000000;34.53;34.875;34.13;34.42;8782260;0
РУСАЛ ао;D;20241018;000000;34.495;34.685;34.115;34.465;5809740;0
РУСАЛ ао;D;20241021;000000;34.355;34.675;33.91;33.935;8213160;0
РУСАЛ ао;D;20241022;000000;33.935;34.825;33.7;34.41;10903930;0
РУСАЛ ао;D;20241023;000000;34.45;35.78;34.255;34.84;37495450;0
РУСАЛ ао;D;20241024;000000;34.88;35.215;34.3;34.79;23036530;0
РУСАЛ ао;D;20241025;000000;34.715;35.1;33.8;34.41;19253550;0
РУСАЛ ао;D;20241028;000000;33.85;34.2;33.05;33.405;18685010;0
РУСАЛ ао;D;20241029;000000;33.5;34.09;33.175;33.715;34625600;0
РУСАЛ ао;D;20241030;000000;33.885;35.58;33.77;35.06;58292630;0
РУСАЛ ао;D;20241031;000000;34.655;35.5;34.175;34.94;37472970;0
РУСАЛ ао;D;20241101;000000;34.905;35.65;34.34;35.365;28963330;0
РУСАЛ ао;D;20241102;000000;35.495;36.13;35.365;35.9;23761120;0
РУСАЛ ао;D;20241105;000000;36.09;36.485;35.41;35.595;21290900;0
РУСАЛ ао;D;20241106;000000;36.28;36.99;35.765;36.185;41068810;0
РУСАЛ ао;D;20241107;000000;36.185;37.45;35.56;37.41;27714480;0
РУСАЛ ао;D;20241108;000000;37.47;38.53;37.07;38.31;23807500;0
РУСАЛ ао;D;20241111;000000;38.59;38.685;37.355;37.83;15525260;0
РУСАЛ ао;D;20241112;000000;37.83;37.925;37.1;37.15;8978320;0
РУСАЛ ао;D;20241113;000000;37.09;38.2;36.915;37.605;13785040;0
РУСАЛ ао;D;20241114;000000;37.65;37.945;36.7;36.91;10714220;0
РУСАЛ ао;D;20241115;000000;36.85;39.69;36.715;39.65;88443760;0
РУСАЛ ао;D;20241118;000000;38.955;39.635;38.77;38.985;28596430;0
РУСАЛ ао;D;20241119;000000;38.995;39.1;38.205;38.455;23495900;0
РУСАЛ ао;D;20241120;000000;38.5;39.05;37.195;37.795;26351470;0
РУСАЛ ао;D;20241121;000000;37.81;37.92;36.335;37.37;23183610;0
РУСАЛ ао;D;20241122;000000;37.44;37.44;36.435;37.11;12177810;0
РУСАЛ ао;D;20241125;000000;37.07;37.36;33.9;34.14;44714230;0
РУСАЛ ао;D;20241126;000000;34.12;34.62;33.26;33.885;35104630;0
РУСАЛ ао;D;20241127;000000;34.05;35.275;33.35;35.215;31195590;0
РУСАЛ ао;D;20241128;000000;35.39;35.495;33.92;34.655;15136320;0
РУСАЛ ао;D;20241129;000000;34.79;35.31;34.475;34.665;11695620;0
РУСАЛ ао;D;20241202;000000;34.645;36.135;34.475;35.91;20021070;0
РУСАЛ ао;D;20241203;000000;35.895;35.92;34.875;35.52;13888700;0
РУСАЛ ао;D;20241204;000000;35.385;35.65;33.295;33.6;21535630;0
РУСАЛ ао;D;20241205;000000;33.41;34.255;31.95;33.975;36745110;0
РУСАЛ ао;D;20241206;000000;34;34.225;32.265;32.895;33013360;0
РУСАЛ ао;D;20241209;000000;33.25;33.46;32.51;33.115;13810930;0
РУСАЛ ао;D;20241210;000000;33.005;33.105;32.13;32.19;16730890;0
РУСАЛ ао;D;20241211;000000;32.15;32.46;31.535;32.22;15626980;0
РУСАЛ ао;D;20241212;000000;32.095;32.29;30.92;31.07;20820390;0
РУСАЛ ао;D;20241213;000000;31.07;31.29;30.35;30.685;15187390;0
РУСАЛ ао;D;20241216;000000;30.3;30.48;29.255;29.63;24491590;0
РУСАЛ ао;D;20241217;000000;29.52;29.82;28.785;28.85;19569040;0
РУСАЛ ао;D;20241218;000000;28.85;29.04;28.03;28.805;28262190;0
РУСАЛ ао;D;20241219;000000;28.825;29.79;28.5;29.38;31233080;0
РУСАЛ ао;D;20241220;000000;29.4;32.215;29.2;32;39734740;0
РУСАЛ ао;D;20241223;000000;32.19;33.93;31.875;33.7;29058410;0
РУСАЛ ао;D;20241224;000000;33.685;33.685;32;32.04;16738060;0
РУСАЛ ао;D;20241225;000000;31.98;32.87;31;32.615;21393180;0
РУСАЛ ао;D;20241226;000000;32.69;33.55;32.31;33.18;17873860;0
РУСАЛ ао;D;20241227;000000;33.295;34.265;33.01;33.945;15170550;0
РУСАЛ ао;D;20241228;000000;33.995;35.3;33.895;35.295;10413730;0
РУСАЛ ао;D;20241230;000000;35.42;37;35.265;36.925;14892850;0
РУСАЛ ао;D;20250103;000000;37.02;37.09;35.055;35.515;12418900;0
РУСАЛ ао;D;20250106;000000;35.25;35.445;34.61;34.74;6387180;0
РУСАЛ ао;D;20250108;000000;34.725;35.45;34.71;35.31;3967420;0
РУСАЛ ао;D;20250109;000000;35.34;35.85;34.01;34.2;13151160;0
РУСАЛ ао;D;20250110;000000;34.335;35.98;33.91;35.705;14908810;0
РУСАЛ ао;D;20250113;000000;35.885;36.275;35.5;35.905;13152100;0
РУСАЛ ао;D;20250114;000000;35.755;36.5;34.7;34.875;22457470;0
РУСАЛ ао;D;20250115;000000;34.6;35.905;34.06;35.695;26284350;0
РУСАЛ ао;D;20250116;000000;35.69;36.15;35.4;35.815;11383410;0
РУСАЛ ао;D;20250117;000000;35.82;37.27;35.665;37.015;17046750;0
РУСАЛ ао;D;20250120;000000;37.69;37.99;36.4;36.785;21056190;0
РУСАЛ ао;D;20250121;000000;36.79;37.135;36.215;37.1;6804260;0
РУСАЛ ао;D;20250122;000000;37.11;38.1;36.495;37.5;15248320;0
РУСАЛ ао;D;20250123;000000;37.5;37.765;36.81;37.36;9699850;0
РУСАЛ ао;D;20250124;000000;37.46;38.5;36.42;36.76;23067820;0
РУСАЛ ао;D;20250127;000000;36.73;36.975;35.62;35.865;14971760;0
РУСАЛ ао;D;20250128;000000;35.94;36.6;35.55;36.485;14402290;0
РУСАЛ ао;D;20250129;000000;36.485;36.5;35.675;36.085;16534730;0
РУСАЛ ао;D;20250130;000000;36.085;36.115;35.12;35.62;27232180;0
РУСАЛ ао;D;20250131;000000;35.56;35.865;34.83;35.28;19072740;0
РУСАЛ ао;D;20250203;000000;35.05;35.095;34.49;34.745;13390590;0
РУСАЛ ао;D;20250204;000000;34.745;35.55;33.8;33.965;19949250;0
РУСАЛ ао;D;20250205;000000;34.03;35.095;33.21;34.685;29557120;0
РУСАЛ ао;D;20250206;000000;34.77;34.94;34.32;34.375;13366380;0
РУСАЛ ао;D;20250207;000000;34.25;34.8;34.055;34.75;7902660;0
РУСАЛ ао;D;20250210;000000;34.9;35.9;34.46;34.915;29878900;0
РУСАЛ ао;D;20250211;000000;34.92;36.25;34.755;35.92;27796270;0
РУСАЛ ао;D;20250212;000000;35.93;38;35.255;37.435;37601870;0
РУСАЛ ао;D;20250213;000000;37.49;38.4;35.86;36.2;44366910;0
РУСАЛ ао;D;20250214;000000;35.005;37.175;35.005;36.445;30899750;0
РУСАЛ ао;D;20250217;000000;36.845;38.2;36.84;37.975;22191970;0
РУСАЛ ао;D;20250218;000000;38.07;39.4;37.225;37.85;59644500;0
РУСАЛ ао;D;20250219;000000;37.83;38.32;36.9;37.695;42500120;0
РУСАЛ ао;D;20250220;000000;37.8;39.4;37.695;38.94;29786860;0
РУСАЛ ао;D;20250221;000000;38.79;39.57;38.185;38.98;33670400;0
РУСАЛ ао;D;20250224;000000;39;41.495;38.38;41.495;93543800;0
РУСАЛ ао;D;20250225;000000;42.17;43.82;40.625;40.865;185990650;0
РУСАЛ ао;D;20250226;000000;41.415;42;39.845;41.01;102084320;0
РУСАЛ ао;D;20250227;000000;41;41.245;39.21;39.29;64403160;0
РУСАЛ ао;D;20250228;000000;39.29;39.995;38.51;39.565;85488810;0
РУСАЛ ао;D;20250303;000000;39.905;40.455;38.695;39.935;45175330;0
РУСАЛ ао;D;20250304;000000;40.045;42.19;40.04;41.72;64609870;0
РУСАЛ ао;D;20250305;000000;41.725;41.99;40.05;40.485;42267200;0
РУСАЛ ао;D;20250306;000000;40.6;41.495;40.6;41.345;28934130;0
РУСАЛ ао;D;20250307;000000;41.345;43.2;41.165;42.175;86286500;0
РУСАЛ ао;D;20250310;000000;42.175;43.595;42.155;43.045;81367150;0
РУСАЛ ао;D;20250311;000000;43.075;43.49;42.345;42.67;40715090;0
РУСАЛ ао;D;20250312;000000;42.595;42.9;41.5;41.905;23471260;0
РУСАЛ ао;D;20250313;000000;41.9;42.75;40.515;42.005;47152810;0
РУСАЛ ао;D;20250314;000000;42;42.575;41.6;42.43;31222540;0
РУСАЛ ао;D;20250317;000000;42.48;43.8;41.7;43.495;55211490;0
РУСАЛ ао;D;20250318;000000;43.6;44;41.825;42.03;56897680;0
РУСАЛ ао;D;20250319;000000;42.03;42.88;41.89;42.65;20898320;0
РУСАЛ ао;D;20250320;000000;42.7;43.09;42.27;42.85;31945500;0
РУСАЛ ао;D;20250321;000000;42.85;43.12;41.78;42.22;20859770;0
РУСАЛ ао;D;20250324;000000;42.185;42.185;40.51;41.045;26642710;0
РУСАЛ ао;D;20250325;000000;41;41.43;40.2;41.37;20471520;0
РУСАЛ ао;D;20250326;000000;41.5;41.645;40.25;40.41;11315750;0
РУСАЛ ао;D;20250327;000000;40.26;40.47;39.5;39.555;18919390;0
РУСАЛ ао;D;20250328;000000;39.5;39.96;39;39.5;20710340;0
РУСАЛ ао;D;20250331;000000;39.4;39.915;37.735;38.28;31993360;0
РУСАЛ ао;D;20250401;000000;38.25;39.15;37.3;37.455;29582140;0
РУСАЛ ао;D;20250402;000000;37.16;38.4;37.02;38.135;20213520;0
РУСАЛ ао;D;20250403;000000;38.165;38.5;36.12;36.84;23922800;0
РУСАЛ ао;D;20250404;000000;37.465;37.465;34.12;34.17;38538860;0
РУСАЛ ао;D;20250407;000000;34.155;34.85;31.955;32.93;51823730;0
РУСАЛ ао;D;20250408;000000;32.935;33.75;31.74;31.88;24090960;0
РУСАЛ ао;D;20250409;000000;31.87;33.87;30.94;33.8;38702680;0
РУСАЛ ао;D;20250410;000000;33.805;34.06;32.925;33.26;23891340;0
РУСАЛ ао;D;20250411;000000;33.3;34.01;33.21;33.765;15596540;0
РУСАЛ ао;D;20250414;000000;33.78;34.695;32.6;32.875;34438030;0
РУСАЛ ао;D;20250415;000000;32.9;33.45;32.72;33.095;17804720;0
РУСАЛ ао;D;20250416;000000;33.24;33.605;32.41;33.035;13008290;0
РУСАЛ ао;D;20250417;000000;33.045;33.98;33.02;33.875;12744210;0
РУСАЛ ао;D;20250418;000000;33.15;33.76;32.65;33.28;12956490;0
РУСАЛ ао;D;20250421;000000;33.42;34.325;33.35;34.055;13224140;0
РУСАЛ ао;D;20250422;000000;34.155;35.31;33.8;34.785;18759470;0
РУСАЛ ао;D;20250423;000000;34.71;34.965;33.74;34.21;12271200;0
РУСАЛ ао;D;20250424;000000;34.4;34.555;33.85;34.055;7301830;0
РУСАЛ ао;D;20250425;000000;34.21;35.3;34.07;35.14;19772640;0
РУСАЛ ао;D;20250428;000000;35.36;36.165;34.81;35.19;29154470;0
РУСАЛ ао;D;20250429;000000;35.3;35.355;33.55;34.135;16992410;0
РУСАЛ ао;D;20250430;000000;34.15;34.24;33.05;33.89;23442610;0
РУСАЛ ао;D;20250502;000000;33.8;33.88;32.49;32.52;11049290;0
РУСАЛ ао;D;20250505;000000;32.545;32.935;31.93;32.135;10329870;0
РУСАЛ ао;D;20250506;000000;32.315;32.875;31.845;32.32;13731180;0
РУСАЛ ао;D;20250507;000000;32.255;33.25;32.145;33;9286110;0
РУСАЛ ао;D;20250508;000000;32.905;33.495;32.905;33.045;8650330;0
РУСАЛ ао;D;20250512;000000;33.065;34.22;32.905;34.185;16167690;0
РУСАЛ ао;D;20250513;000000;34.24;34.695;33.8;33.92;15519660;0
РУСАЛ ао;D;20250514;000000;33.805;34.59;33.56;33.58;33138750;0
РУСАЛ ао;D;20250515;000000;33.58;33.925;33.08;33.325;11199440;0
РУСАЛ ао;D;20250516;000000;33.105;33.485;32.26;32.795;15862410;0
РУСАЛ ао;D;20250519;000000;32.86;33.66;32.805;33.03;13201030;0
РУСАЛ ао;D;20250520;000000;32.95;33.15;32.5;32.75;4932140;0
РУСАЛ ао;D;20250521;000000;32.75;32.895;31.65;31.715;12111590;0
РУСАЛ ао;D;20250522;000000;31.715;31.855;31;31.37;13227810;0
РУСАЛ ао;D;20250523;000000;31.38;31.48;31;31.165;6693710;0
РУСАЛ ао;D;20250526;000000;31.2;31.2;29.8;30.045;21370440;0
РУСАЛ ао;D;20250527;000000;30.045;30.78;29.34;30.67;11288720;0
РУСАЛ ао;D;20250528;000000;30.835;31.76;30.445;31.685;15602890;0
РУСАЛ ао;D;20250529;000000;31.71;31.765;30.905;30.92;12413510;0
РУСАЛ ао;D;20250530;000000;30.905;31.43;30.705;30.96;10347160;0
РУСАЛ ао;D;20250602;000000;30.96;31.4;30.055;31.13;14127110;0
РУСАЛ ао;D;20250603;000000;31.1;32.25;31.03;32.11;21963520;0
РУСАЛ ао;D;20250604;000000;32.12;32.555;31.785;31.9;16638320;0
РУСАЛ ао;D;20250605;000000;31.97;32.28;31.62;31.71;7643390;0
РУСАЛ ао;D;20250606;000000;31.31;32.34;30.61;30.645;24578930;0
РУСАЛ ао;D;20250609;000000;30.85;31.05;30.12;30.545;12916490;0
РУСАЛ ао;D;20250610;000000;30.55;30.955;29.925;30.13;8905490;0
РУСАЛ ао;D;20250611;000000;30.1;30.575;29.95;30.305;13990640;0
РУСАЛ ао;D;20250613;000000;30.475;30.67;30.065;30.21;5143270;0
РУСАЛ ао;D;20250616;000000;30.215;30.545;29.86;29.92;11189280;0
РУСАЛ ао;D;20250617;000000;29.955;30.58;29.91;30.51;13765370;0
РУСАЛ ао;D;20250618;000000;30.51;30.94;30.115;30.21;20668990;0
РУСАЛ ао;D;20250619;000000;30.21;30.4;29.905;30.005;11638480;0
РУСАЛ ао;D;20250620;000000;30.005;30.25;29.78;29.96;9042770;0
РУСАЛ ао;D;20250623;000000;30.015;30.15;29.59;29.84;10900320;0
РУСАЛ ао;D;20250624;000000;29.84;30.18;29.73;30.18;6878890;0
РУСАЛ ао;D;20250625;000000;30.18;30.445;29.98;30.205;12811050;0
РУСАЛ ао;D;20250626;000000;30.205;31.27;30.175;31.13;44562750;0
РУСАЛ ао;D;20250627;000000;31.19;31.29;30.51;30.835;30566150;0
РУСАЛ ао;D;20250630;000000;30.83;31.28;30.7;31.085;23813680;0
РУСАЛ ао;D;20250701;000000;31.085;31.44;30.71;30.855;24357770;0
РУСАЛ ао;D;20250702;000000;30.855;31.07;30.56;30.67;18379900;0
РУСАЛ ао;D;20250703;000000;30.61;31.08;30.3;30.66;20511300;0
РУСАЛ ао;D;20250704;000000;30.525;30.71;30.065;30.205;12187310;0
РУСАЛ ао;D;20250707;000000;30.165;30.335;29.67;29.73;13226170;0
РУСАЛ ао;D;20250708;000000;29.735;29.95;29.32;29.42;13617000;0
РУСАЛ ао;D;20250709;000000;29.485;29.6;28.6;29.12;21307210;0
РУСАЛ ао;D;20250710;000000;29.145;29.3;28.9;28.985;13488960;0
РУСАЛ ао;D;20250711;000000;29;29.125;27.605;27.73;27687080;0
РУСАЛ ао;D;20250714;000000;27.785;29.19;27.6;28.94;30874220;0
РУСАЛ ао;D;20250715;000000;29.09;29.435;28.7;28.995;18532260;0
РУСАЛ ао;D;20250716;000000;29.05;29.38;28.76;29.28;19360460;0
РУСАЛ ао;D;20250717;000000;29.31;29.775;28.83;29.02;16735220;0
РУСАЛ ао;D;20250718;000000;29;30.235;28.85;30.215;22290440;0
РУСАЛ ао;D;20250721;000000;30.22;31.94;30.215;31.78;64569100;0
РУСАЛ ао;D;20250722;000000;31.765;32.48;31.115;32.03;50815270;0
РУСАЛ ао;D;20250723;000000;32.09;32.385;31.615;31.695;26253800;0
РУСАЛ ао;D;20250724;000000;31.695;31.845;31.415;31.785;11875860;0
РУСАЛ ао;D;20250725;000000;31.785;31.96;30.435;30.55;29342140;0
РУСАЛ ао;D;20250728;000000;30.555;31.5;30.36;30.95;32231770;0
РУСАЛ ао;D;20250729;000000;31.005;32.155;30.855;31.74;45910640;0
РУСАЛ ао;D;20250730;000000;31.74;32.06;30.65;30.69;27084990;0
РУСАЛ ао;D;20250731;000000;30.69;31.18;30.67;31.08;18193460;0
РУСАЛ ао;D;20250801;000000;31.08;31.425;30.755;31.095;14888700;0
РУСАЛ ао;D;20250804;000000;31.15;31.42;31.01;31.175;8301550;0
РУСАЛ ао;D;20250805;000000;31.215;31.47;31.03;31.235;8767060;0
РУСАЛ ао;D;20250806;000000;31.365;32.775;30.935;32.175;54078380;0
РУСАЛ ао;D;20250807;000000;32.2;33.225;31.955;32.56;51275550;0
РУСАЛ ао;D;20250808;000000;32.65;34.4;32.595;34.145;40487810;0
РУСАЛ ао;D;20250811;000000;34.65;35.845;34.1;34.58;78517210;0
РУСАЛ ао;D;20250812;000000;34.59;34.71;33.805;34.395;21926560;0
РУСАЛ ао;D;20250813;000000;34.395;35.27;34.07;34.42;38152470;0
РУСАЛ ао;D;20250814;000000;34.5;36.495;34.36;36.49;100495550;0
РУСАЛ ао;D;20250815;000000;36.51;37.26;35.855;36.765;108634120;0
РУСАЛ ао;D;20250818;000000;35.82;36.955;35.115;36.635;64838160;0
РУСАЛ ао;D;20250819;000000;36.765;37;35.945;36.165;31855870;0
РУСАЛ ао;D;20250820;000000;36.165;36.47;35.2;35.84;21191650;0
РУСАЛ ао;D;20250821;000000;35.84;35.965;33.52;33.695;48189110;0
РУСАЛ ао;D;20250822;000000;33.795;33.8;33;33.495;49473590;0
РУСАЛ ао;D;20250825;000000;33.495;33.625;32.735;33.045;25262030;0
РУСАЛ ао;D;20250826;000000;33.2;33.66;33.045;33.43;16548780;0
РУСАЛ ао;D;20250827;000000;33.44;34.66;33.255;34.495;30078030;0
РУСАЛ ао;D;20250828;000000;34.5;34.76;33.36;33.575;27485610;0
РУСАЛ ао;D;20250829;000000;33.7;34.2;33.505;33.81;16059490;0
РУСАЛ ао;D;20250901;000000;33.95;34.63;33.72;33.9;30131170;0
РУСАЛ ао;D;20250902;000000;33.925;34.015;32.34;33.145;27920450;0
РУСАЛ ао;D;20250903;000000;33.145;33.655;32.57;33.52;24296100;0
РУСАЛ ао;D;20250904;000000;33.5;34.015;33.08;33.585;19600850;0
РУСАЛ ао;D;20250905;000000;33.59;34.125;33.315;33.97;20504560;0
